SWMM5 Inflows Interface File
Inflows rate to nodes
60
1
FLOW CFS
1
J1
Node Year Mon Day Hr Min Sec Flow
J1 2020 06 01 00 00 00 0
J1 2020 06 01 00 01 00 0.119086
J1 2020 06 01 00 02 00 0.06484
J1 2020 06 01 00 03 00 0.03039
J1 2020 06 01 00 04 00 0.018442
J1 2020 06 01 00 05 00 0.012442
J1 2020 06 01 00 06 00 0.008956
J1 2020 06 01 00 07 00 0.006741
J1 2020 06 01 00 08 00 0.005246
J1 2020 06 01 00 09 00 0.004189
J1 2020 06 01 00 10 00 0.003415
J1 2020 06 01 00 11 00 0.002832
J1 2020 06 01 00 12 00 0.002382
J1 2020 06 01 00 13 00 0.002028
J1 2020 06 01 00 14 00 0.001745
J1 2020 06 01 00 15 00 0.001516
J1 2020 06 01 00 16 00 0.001327
J1 2020 06 01 00 17 00 0.00117
J1 2020 06 01 00 18 00 0.001038
J1 2020 06 01 00 19 00 0.000927
J1 2020 06 01 00 20 00 0.000831
J1 2020 06 01 00 21 00 0.00075
J1 2020 06 01 00 22 00 0.000679
J1 2020 06 01 00 23 00 0.000617
J1 2020 06 01 00 24 00 0.000563
J1 2020 06 01 00 25 00 0.000515
J1 2020 06 01 00 26 00 0.000473
J1 2020 06 01 00 27 00 0.000436
J1 2020 06 01 00 28 00 0.000403
J1 2020 06 01 00 29 00 0.000373
J1 2020 06 01 00 30 00 0.000346
J1 2020 06 01 00 31 00 0.000322
J1 2020 06 01 00 32 00 3e-04
J1 2020 06 01 00 33 00 0.00028
J1 2020 06 01 00 34 00 0.000262
J1 2020 06 01 00 35 00 0.000246
J1 2020 06 01 00 36 00 0.000231
J1 2020 06 01 00 37 00 0.000217
J1 2020 06 01 00 38 00 0.000205
J1 2020 06 01 00 39 00 0.000193
J1 2020 06 01 00 40 00 0.000182
J1 2020 06 01 00 41 00 0.000172
J1 2020 06 01 00 42 00 0.000163
J1 2020 06 01 00 43 00 0.000155
J1 2020 06 01 00 44 00 0.000147
J1 2020 06 01 00 45 00 0.00014
J1 2020 06 01 00 46 00 0.000133
J1 2020 06 01 00 47 00 0.000126
J1 2020 06 01 00 48 00 0.000121
J1 2020 06 01 00 49 00 0.000115
J1 2020 06 01 00 50 00 0.00011
J1 2020 06 01 00 51 00 0.000105
J1 2020 06 01 00 52 00 1e-04
J1 2020 06 01 00 53 00 9.6e-05
J1 2020 06 01 00 54 00 9.2e-05
J1 2020 06 01 00 55 00 8.8e-05
J1 2020 06 01 00 56 00 8.5e-05
J1 2020 06 01 00 57 00 8.1e-05
J1 2020 06 01 00 58 00 7.8e-05
J1 2020 06 01 00 59 00 7.5e-05
J1 2020 06 01 01 00 00 7.2e-05
J1 2020 06 01 01 01 00 6.9e-05
J1 2020 06 01 01 02 00 6.7e-05
J1 2020 06 01 01 03 00 6.4e-05
J1 2020 06 01 01 04 00 6.2e-05
J1 2020 06 01 01 05 00 6e-05
J1 2020 06 01 01 06 00 5.8e-05
J1 2020 06 01 01 07 00 5.6e-05
J1 2020 06 01 01 08 00 5.4e-05
J1 2020 06 01 01 09 00 5.2e-05
J1 2020 06 01 01 10 00 5e-05
J1 2020 06 01 01 11 00 4.9e-05
J1 2020 06 01 01 12 00 4.7e-05
J1 2020 06 01 01 13 00 4.6e-05
J1 2020 06 01 01 14 00 4.4e-05
J1 2020 06 01 01 15 00 4.3e-05
J1 2020 06 01 01 16 00 4.2e-05
J1 2020 06 01 01 17 00 4e-05
J1 2020 06 01 01 18 00 3.9e-05
J1 2020 06 01 01 19 00 3.8e-05
J1 2020 06 01 01 20 00 3.7e-05
J1 2020 06 01 01 21 00 3.6e-05
J1 2020 06 01 01 22 00 3.5e-05
J1 2020 06 01 01 23 00 3.4e-05
J1 2020 06 01 01 24 00 3.3e-05
J1 2020 06 01 01 25 00 3.2e-05
J1 2020 06 01 01 26 00 3.1e-05
J1 2020 06 01 01 27 00 3e-05
J1 2020 06 01 01 28 00 3e-05
J1 2020 06 01 01 29 00 2.9e-05
J1 2020 06 01 01 30 00 2.8e-05
J1 2020 06 01 01 31 00 2.7e-05
J1 2020 06 01 01 32 00 2.7e-05
J1 2020 06 01 01 33 00 2.6e-05
J1 2020 06 01 01 34 00 2.5e-05
J1 2020 06 01 01 35 00 2.5e-05
J1 2020 06 01 01 36 00 2.4e-05
J1 2020 06 01 01 37 00 2.3e-05
J1 2020 06 01 01 38 00 2.3e-05
J1 2020 06 01 01 39 00 2.2e-05
J1 2020 06 01 01 40 00 2.2e-05
J1 2020 06 01 01 41 00 2.1e-05
J1 2020 06 01 01 42 00 2.1e-05
J1 2020 06 01 01 43 00 2e-05
J1 2020 06 01 01 44 00 2e-05
J1 2020 06 01 01 45 00 1.9e-05
J1 2020 06 01 01 46 00 1.9e-05
J1 2020 06 01 01 47 00 1.9e-05
J1 2020 06 01 01 48 00 1.8e-05
J1 2020 06 01 01 49 00 1.8e-05
J1 2020 06 01 01 50 00 1.7e-05
J1 2020 06 01 01 51 00 1.7e-05
J1 2020 06 01 01 52 00 1.7e-05
J1 2020 06 01 01 53 00 1.6e-05
J1 2020 06 01 01 54 00 1.6e-05
J1 2020 06 01 01 55 00 1.6e-05
J1 2020 06 01 01 56 00 1.5e-05
J1 2020 06 01 01 57 00 1.5e-05
J1 2020 06 01 01 58 00 1.5e-05
J1 2020 06 01 01 59 00 1.4e-05
J1 2020 06 01 02 00 00 1.4e-05
J1 2020 06 01 02 01 00 1.4e-05
J1 2020 06 01 02 02 00 1.4e-05
J1 2020 06 01 02 03 00 1.3e-05
J1 2020 06 01 02 04 00 1.3e-05
J1 2020 06 01 02 05 00 1.3e-05
J1 2020 06 01 02 06 00 1.3e-05
J1 2020 06 01 02 07 00 1.2e-05
J1 2020 06 01 02 08 00 1.2e-05
J1 2020 06 01 02 09 00 1.2e-05
J1 2020 06 01 02 10 00 1.2e-05
J1 2020 06 01 02 11 00 1.1e-05
J1 2020 06 01 02 12 00 1.1e-05
J1 2020 06 01 02 13 00 1.1e-05
J1 2020 06 01 02 14 00 1.1e-05
J1 2020 06 01 02 15 00 1.1e-05
J1 2020 06 01 02 16 00 1e-05
J1 2020 06 01 02 17 00 1e-05
J1 2020 06 01 02 18 00 1e-05
J1 2020 06 01 02 19 00 1e-05
J1 2020 06 01 02 20 00 1e-05
J1 2020 06 01 02 21 00 1e-05
J1 2020 06 01 02 22 00 9e-06
J1 2020 06 01 02 23 00 9e-06
J1 2020 06 01 02 24 00 9e-06
J1 2020 06 01 02 25 00 9e-06
J1 2020 06 01 02 26 00 9e-06
J1 2020 06 01 02 27 00 9e-06
J1 2020 06 01 02 28 00 9e-06
J1 2020 06 01 02 29 00 8e-06
J1 2020 06 01 02 30 00 8e-06
J1 2020 06 01 02 31 00 8e-06
J1 2020 06 01 02 32 00 8e-06
J1 2020 06 01 02 33 00 8e-06
J1 2020 06 01 02 34 00 8e-06
J1 2020 06 01 02 35 00 8e-06
J1 2020 06 01 02 36 00 8e-06
J1 2020 06 01 02 37 00 7e-06
J1 2020 06 01 02 38 00 7e-06
J1 2020 06 01 02 39 00 7e-06
J1 2020 06 01 02 40 00 7e-06
J1 2020 06 01 02 41 00 7e-06
J1 2020 06 01 02 42 00 7e-06
J1 2020 06 01 02 43 00 7e-06
J1 2020 06 01 02 44 00 7e-06
J1 2020 06 01 02 45 00 7e-06
J1 2020 06 01 02 46 00 6e-06
J1 2020 06 01 02 47 00 6e-06
J1 2020 06 01 02 48 00 6e-06
J1 2020 06 01 02 49 00 6e-06
J1 2020 06 01 02 50 00 6e-06
J1 2020 06 01 02 51 00 6e-06
J1 2020 06 01 02 52 00 6e-06
J1 2020 06 01 02 53 00 6e-06
J1 2020 06 01 02 54 00 6e-06
J1 2020 06 01 02 55 00 6e-06
J1 2020 06 01 02 56 00 6e-06
J1 2020 06 01 02 57 00 6e-06
J1 2020 06 01 02 58 00 5e-06
J1 2020 06 01 02 59 00 5e-06
J1 2020 06 01 03 00 00 5e-06
J1 2020 06 01 03 01 00 5e-06
J1 2020 06 01 03 02 00 5e-06
J1 2020 06 01 03 03 00 5e-06
J1 2020 06 01 03 04 00 5e-06
J1 2020 06 01 03 05 00 5e-06
J1 2020 06 01 03 06 00 5e-06
J1 2020 06 01 03 07 00 5e-06
J1 2020 06 01 03 08 00 5e-06
J1 2020 06 01 03 09 00 5e-06
J1 2020 06 01 03 10 00 5e-06
J1 2020 06 01 03 11 00 5e-06
J1 2020 06 01 03 12 00 5e-06
J1 2020 06 01 03 13 00 5e-06
J1 2020 06 01 03 14 00 4e-06
J1 2020 06 01 03 15 00 4e-06
J1 2020 06 01 03 16 00 4e-06
J1 2020 06 01 03 17 00 4e-06
J1 2020 06 01 03 18 00 4e-06
J1 2020 06 01 03 19 00 4e-06
J1 2020 06 01 03 20 00 4e-06
J1 2020 06 01 03 21 00 4e-06
J1 2020 06 01 03 22 00 4e-06
J1 2020 06 01 03 23 00 4e-06
J1 2020 06 01 03 24 00 4e-06
J1 2020 06 01 03 25 00 4e-06
J1 2020 06 01 03 26 00 4e-06
J1 2020 06 01 03 27 00 4e-06
J1 2020 06 01 03 28 00 4e-06
J1 2020 06 01 03 29 00 4e-06
J1 2020 06 01 03 30 00 4e-06
J1 2020 06 01 03 31 00 4e-06
J1 2020 06 01 03 32 00 4e-06
J1 2020 06 01 03 33 00 4e-06
J1 2020 06 01 03 34 00 4e-06
J1 2020 06 01 03 35 00 3e-06
J1 2020 06 01 03 36 00 3e-06
J1 2020 06 01 03 37 00 3e-06
J1 2020 06 01 03 38 00 3e-06
J1 2020 06 01 03 39 00 3e-06
J1 2020 06 01 03 40 00 3e-06
J1 2020 06 01 03 41 00 3e-06
J1 2020 06 01 03 42 00 3e-06
J1 2020 06 01 03 43 00 3e-06
J1 2020 06 01 03 44 00 3e-06
J1 2020 06 01 03 45 00 3e-06
J1 2020 06 01 03 46 00 3e-06
J1 2020 06 01 03 47 00 3e-06
J1 2020 06 01 03 48 00 3e-06
J1 2020 06 01 03 49 00 3e-06
J1 2020 06 01 03 50 00 3e-06
J1 2020 06 01 03 51 00 3e-06
J1 2020 06 01 03 52 00 3e-06
J1 2020 06 01 03 53 00 3e-06
J1 2020 06 01 03 54 00 3e-06
J1 2020 06 01 03 55 00 3e-06
J1 2020 06 01 03 56 00 3e-06
J1 2020 06 01 03 57 00 3e-06
J1 2020 06 01 03 58 00 3e-06
J1 2020 06 01 03 59 00 3e-06
J1 2020 06 01 04 00 00 3e-06
J1 2020 06 01 04 01 00 3e-06
J1 2020 06 01 04 02 00 3e-06
J1 2020 06 01 04 03 00 3e-06
J1 2020 06 01 04 04 00 3e-06
J1 2020 06 01 04 05 00 3e-06
J1 2020 06 01 04 06 00 3e-06
J1 2020 06 01 04 07 00 2e-06
J1 2020 06 01 04 08 00 2e-06
J1 2020 06 01 04 09 00 2e-06
J1 2020 06 01 04 10 00 2e-06
J1 2020 06 01 04 11 00 2e-06
J1 2020 06 01 04 12 00 2e-06
J1 2020 06 01 04 13 00 2e-06
J1 2020 06 01 04 14 00 2e-06
J1 2020 06 01 04 15 00 2e-06
J1 2020 06 01 04 16 00 2e-06
J1 2020 06 01 04 17 00 2e-06
J1 2020 06 01 04 18 00 2e-06
J1 2020 06 01 04 19 00 2e-06
J1 2020 06 01 04 20 00 2e-06
J1 2020 06 01 04 21 00 2e-06
J1 2020 06 01 04 22 00 2e-06
J1 2020 06 01 04 23 00 2e-06
J1 2020 06 01 04 24 00 2e-06
J1 2020 06 01 04 25 00 2e-06
J1 2020 06 01 04 26 00 2e-06
J1 2020 06 01 04 27 00 2e-06
J1 2020 06 01 04 28 00 2e-06
J1 2020 06 01 04 29 00 2e-06
J1 2020 06 01 04 30 00 2e-06
J1 2020 06 01 04 31 00 2e-06
J1 2020 06 01 04 32 00 2e-06
J1 2020 06 01 04 33 00 2e-06
J1 2020 06 01 04 34 00 2e-06
J1 2020 06 01 04 35 00 2e-06
J1 2020 06 01 04 36 00 2e-06
J1 2020 06 01 04 37 00 2e-06
J1 2020 06 01 04 38 00 2e-06
J1 2020 06 01 04 39 00 2e-06
J1 2020 06 01 04 40 00 2e-06
J1 2020 06 01 04 41 00 2e-06
J1 2020 06 01 04 42 00 2e-06
J1 2020 06 01 04 43 00 2e-06
J1 2020 06 01 04 44 00 2e-06
J1 2020 06 01 04 45 00 2e-06
J1 2020 06 01 04 46 00 2e-06
J1 2020 06 01 04 47 00 2e-06
J1 2020 06 01 04 48 00 2e-06
J1 2020 06 01 04 49 00 2e-06
J1 2020 06 01 04 50 00 2e-06
J1 2020 06 01 04 51 00 2e-06
J1 2020 06 01 04 52 00 2e-06
J1 2020 06 01 04 53 00 2e-06
J1 2020 06 01 04 54 00 2e-06
J1 2020 06 01 04 55 00 2e-06
J1 2020 06 01 04 56 00 2e-06
J1 2020 06 01 04 57 00 2e-06
J1 2020 06 01 04 58 00 2e-06
J1 2020 06 01 04 59 00 2e-06
J1 2020 06 01 05 00 00 2e-06
J1 2020 06 01 05 01 00 2e-06
J1 2020 06 01 05 02 00 2e-06
J1 2020 06 01 05 03 00 2e-06
J1 2020 06 01 05 04 00 1e-06
J1 2020 06 01 05 05 00 1e-06
J1 2020 06 01 05 06 00 1e-06
J1 2020 06 01 05 07 00 1e-06
J1 2020 06 01 05 08 00 1e-06
J1 2020 06 01 05 09 00 1e-06
J1 2020 06 01 05 10 00 1e-06
J1 2020 06 01 05 11 00 1e-06
J1 2020 06 01 05 12 00 1e-06
J1 2020 06 01 05 13 00 1e-06
J1 2020 06 01 05 14 00 1e-06
J1 2020 06 01 05 15 00 1e-06
J1 2020 06 01 05 16 00 1e-06
J1 2020 06 01 05 17 00 1e-06
J1 2020 06 01 05 18 00 1e-06
J1 2020 06 01 05 19 00 1e-06
J1 2020 06 01 05 20 00 1e-06
J1 2020 06 01 05 21 00 1e-06
J1 2020 06 01 05 22 00 1e-06
J1 2020 06 01 05 23 00 1e-06
J1 2020 06 01 05 24 00 1e-06
J1 2020 06 01 05 25 00 1e-06
J1 2020 06 01 05 26 00 1e-06
J1 2020 06 01 05 27 00 1e-06
J1 2020 06 01 05 28 00 1e-06
J1 2020 06 01 05 29 00 1e-06
J1 2020 06 01 05 30 00 1e-06
J1 2020 06 01 05 31 00 1e-06
J1 2020 06 01 05 32 00 1e-06
J1 2020 06 01 05 33 00 1e-06
J1 2020 06 01 05 34 00 1e-06
J1 2020 06 01 05 35 00 1e-06
J1 2020 06 01 05 36 00 1e-06
J1 2020 06 01 05 37 00 1e-06
J1 2020 06 01 05 38 00 1e-06
J1 2020 06 01 05 39 00 1e-06
J1 2020 06 01 05 40 00 1e-06
J1 2020 06 01 05 41 00 1e-06
J1 2020 06 01 05 42 00 1e-06
J1 2020 06 01 05 43 00 1e-06
J1 2020 06 01 05 44 00 1e-06
J1 2020 06 01 05 45 00 1e-06
J1 2020 06 01 05 46 00 1e-06
J1 2020 06 01 05 47 00 1e-06
J1 2020 06 01 05 48 00 1e-06
J1 2020 06 01 05 49 00 1e-06
J1 2020 06 01 05 50 00 1e-06
J1 2020 06 01 05 51 00 1e-06
J1 2020 06 01 05 52 00 1e-06
J1 2020 06 01 05 53 00 1e-06
J1 2020 06 01 05 54 00 1e-06
J1 2020 06 01 05 55 00 1e-06
J1 2020 06 01 05 56 00 1e-06
J1 2020 06 01 05 57 00 1e-06
J1 2020 06 01 05 58 00 1e-06
J1 2020 06 01 05 59 00 1e-06
J1 2020 06 01 06 00 00 1e-06
J1 2020 06 01 06 01 00 1e-06
J1 2020 06 01 06 02 00 1e-06
J1 2020 06 01 06 03 00 1e-06
J1 2020 06 01 06 04 00 1e-06
J1 2020 06 01 06 05 00 1e-06
J1 2020 06 01 06 06 00 1e-06
J1 2020 06 01 06 07 00 1e-06
J1 2020 06 01 06 08 00 1e-06
J1 2020 06 01 06 09 00 1e-06
J1 2020 06 01 06 10 00 1e-06
J1 2020 06 01 06 11 00 1e-06
J1 2020 06 01 06 12 00 1e-06
J1 2020 06 01 06 13 00 1e-06
J1 2020 06 01 06 14 00 1e-06
J1 2020 06 01 06 15 00 1e-06
J1 2020 06 01 06 16 00 1e-06
J1 2020 06 01 06 17 00 1e-06
J1 2020 06 01 06 18 00 1e-06
J1 2020 06 01 06 19 00 1e-06
J1 2020 06 01 06 20 00 1e-06
J1 2020 06 01 06 21 00 1e-06
J1 2020 06 01 06 22 00 1e-06
J1 2020 06 01 06 23 00 1e-06
J1 2020 06 01 06 24 00 1e-06
J1 2020 06 01 06 25 00 1e-06
J1 2020 06 01 06 26 00 1e-06
J1 2020 06 01 06 27 00 1e-06
J1 2020 06 01 06 28 00 1e-06
J1 2020 06 01 06 29 00 1e-06
J1 2020 06 01 06 30 00 1e-06
J1 2020 06 01 06 31 00 1e-06
J1 2020 06 01 06 32 00 1e-06
J1 2020 06 01 06 33 00 1e-06
J1 2020 06 01 06 34 00 1e-06
J1 2020 06 01 06 35 00 1e-06
J1 2020 06 01 06 36 00 1e-06
J1 2020 06 01 06 37 00 1e-06
J1 2020 06 01 06 38 00 1e-06
J1 2020 06 01 06 39 00 1e-06
J1 2020 06 01 06 40 00 1e-06
J1 2020 06 01 06 41 00 1e-06
J1 2020 06 01 06 42 00 1e-06
J1 2020 06 01 06 43 00 1e-06
J1 2020 06 01 06 44 00 1e-06
J1 2020 06 01 06 45 00 1e-06
J1 2020 06 01 06 46 00 1e-06
J1 2020 06 01 06 47 00 1e-06
J1 2020 06 01 06 48 00 1e-06
J1 2020 06 01 06 49 00 1e-06
J1 2020 06 01 06 50 00 1e-06
J1 2020 06 01 06 51 00 1e-06
J1 2020 06 01 06 52 00 1e-06
J1 2020 06 01 06 53 00 1e-06
J1 2020 06 01 06 54 00 1e-06
J1 2020 06 01 06 55 00 1e-06
J1 2020 06 01 06 56 00 1e-06
J1 2020 06 01 06 57 00 1e-06
J1 2020 06 01 06 58 00 1e-06
J1 2020 06 01 06 59 00 1e-06
J1 2020 06 01 07 00 00 1e-06
J1 2020 06 01 07 01 00 1e-06
J1 2020 06 01 07 02 00 1e-06
J1 2020 06 01 07 03 00 1e-06
J1 2020 06 01 07 04 00 1e-06
J1 2020 06 01 07 05 00 1e-06
J1 2020 06 01 07 06 00 1e-06
J1 2020 06 01 07 07 00 1e-06
J1 2020 06 01 07 08 00 1e-06
J1 2020 06 01 07 09 00 1e-06
J1 2020 06 01 07 10 00 1e-06
J1 2020 06 01 07 11 00 1e-06
J1 2020 06 01 07 12 00 1e-06
J1 2020 06 01 07 13 00 1e-06
J1 2020 06 01 07 14 00 1e-06
J1 2020 06 01 07 15 00 1e-06
J1 2020 06 01 07 16 00 1e-06
J1 2020 06 01 07 17 00 1e-06
J1 2020 06 01 07 18 00 1e-06
J1 2020 06 01 07 19 00 1e-06
J1 2020 06 01 07 20 00 1e-06
J1 2020 06 01 07 21 00 1e-06
J1 2020 06 01 07 22 00 1e-06
J1 2020 06 01 07 23 00 1e-06
J1 2020 06 01 07 24 00 1e-06
J1 2020 06 01 07 25 00 1e-06
J1 2020 06 01 07 26 00 1e-06
J1 2020 06 01 07 27 00 1e-06
J1 2020 06 01 07 28 00 1e-06
J1 2020 06 01 07 29 00 1e-06
J1 2020 06 01 07 30 00 1e-06
J1 2020 06 01 07 31 00 1e-06
J1 2020 06 01 07 32 00 1e-06
J1 2020 06 01 07 33 00 1e-06
J1 2020 06 01 07 34 00 1e-06
J1 2020 06 01 07 35 00 1e-06
J1 2020 06 01 07 36 00 1e-06
J1 2020 06 01 07 37 00 1e-06
J1 2020 06 01 07 38 00 1e-06
J1 2020 06 01 07 39 00 1e-06
J1 2020 06 01 07 40 00 1e-06
J1 2020 06 01 07 41 00 1e-06
J1 2020 06 01 07 42 00 1e-06
J1 2020 06 01 07 43 00 1e-06
J1 2020 06 01 07 44 00 1e-06
J1 2020 06 01 07 45 00 1e-06
J1 2020 06 01 07 46 00 1e-06
J1 2020 06 01 07 47 00 1e-06
J1 2020 06 01 07 48 00 1e-06
J1 2020 06 01 07 49 00 1e-06
J1 2020 06 01 07 50 00 1e-06
J1 2020 06 01 07 51 00 1e-06
J1 2020 06 01 07 52 00 1e-06
J1 2020 06 01 07 53 00 1e-06
J1 2020 06 01 07 54 00 1e-06
J1 2020 06 01 07 55 00 0
J1 2020 06 01 07 56 00 0
J1 2020 06 01 07 57 00 0
J1 2020 06 01 07 58 00 0
J1 2020 06 01 07 59 00 0
J1 2020 06 01 08 00 00 0
J1 2020 06 01 08 01 00 0
J1 2020 06 01 08 02 00 0
J1 2020 06 01 08 03 00 0
J1 2020 06 01 08 04 00 0
J1 2020 06 01 08 05 00 0
J1 2020 06 01 08 06 00 0
J1 2020 06 01 08 07 00 0
J1 2020 06 01 08 08 00 0
J1 2020 06 01 08 09 00 0
J1 2020 06 01 08 10 00 0
J1 2020 06 01 08 11 00 0
J1 2020 06 01 08 12 00 0
J1 2020 06 01 08 13 00 0
J1 2020 06 01 08 14 00 0
J1 2020 06 01 08 15 00 0
J1 2020 06 01 08 16 00 0
J1 2020 06 01 08 17 00 0
J1 2020 06 01 08 18 00 0
J1 2020 06 01 08 19 00 0
J1 2020 06 01 08 20 00 0
J1 2020 06 01 08 21 00 0
J1 2020 06 01 08 22 00 0
J1 2020 06 01 08 23 00 0
J1 2020 06 01 08 24 00 0
J1 2020 06 01 08 25 00 0
J1 2020 06 01 08 26 00 0
J1 2020 06 01 08 27 00 0
J1 2020 06 01 08 28 00 0
J1 2020 06 01 08 29 00 0
J1 2020 06 01 08 30 00 0
J1 2020 06 01 08 31 00 0
J1 2020 06 01 08 32 00 0
J1 2020 06 01 08 33 00 0
J1 2020 06 01 08 34 00 0
J1 2020 06 01 08 35 00 0
J1 2020 06 01 08 36 00 0
J1 2020 06 01 08 37 00 0
J1 2020 06 01 08 38 00 0
J1 2020 06 01 08 39 00 0
J1 2020 06 01 08 40 00 0
J1 2020 06 01 08 41 00 0
J1 2020 06 01 08 42 00 0
J1 2020 06 01 08 43 00 0
J1 2020 06 01 08 44 00 0
J1 2020 06 01 08 45 00 0
J1 2020 06 01 08 46 00 0
J1 2020 06 01 08 47 00 0
J1 2020 06 01 08 48 00 0
J1 2020 06 01 08 49 00 0
J1 2020 06 01 08 50 00 0
J1 2020 06 01 08 51 00 0
J1 2020 06 01 08 52 00 0
J1 2020 06 01 08 53 00 0
J1 2020 06 01 08 54 00 0
J1 2020 06 01 08 55 00 0
J1 2020 06 01 08 56 00 0
J1 2020 06 01 08 57 00 0
J1 2020 06 01 08 58 00 0
J1 2020 06 01 08 59 00 0
J1 2020 06 01 09 00 00 0
J1 2020 06 01 09 01 00 0
J1 2020 06 01 09 02 00 0
J1 2020 06 01 09 03 00 0
J1 2020 06 01 09 04 00 0
J1 2020 06 01 09 05 00 0
J1 2020 06 01 09 06 00 0
J1 2020 06 01 09 07 00 0
J1 2020 06 01 09 08 00 0
J1 2020 06 01 09 09 00 0
J1 2020 06 01 09 10 00 0
J1 2020 06 01 09 11 00 0
J1 2020 06 01 09 12 00 0
J1 2020 06 01 09 13 00 0
J1 2020 06 01 09 14 00 0
J1 2020 06 01 09 15 00 0
J1 2020 06 01 09 16 00 0
J1 2020 06 01 09 17 00 0
J1 2020 06 01 09 18 00 0
J1 2020 06 01 09 19 00 0
J1 2020 06 01 09 20 00 0
J1 2020 06 01 09 21 00 0
J1 2020 06 01 09 22 00 0
J1 2020 06 01 09 23 00 0
J1 2020 06 01 09 24 00 0
J1 2020 06 01 09 25 00 0
J1 2020 06 01 09 26 00 0
J1 2020 06 01 09 27 00 0
J1 2020 06 01 09 28 00 0
J1 2020 06 01 09 29 00 0
J1 2020 06 01 09 30 00 0
J1 2020 06 01 09 31 00 0
J1 2020 06 01 09 32 00 0
J1 2020 06 01 09 33 00 0
J1 2020 06 01 09 34 00 0
J1 2020 06 01 09 35 00 0
J1 2020 06 01 09 36 00 0
J1 2020 06 01 09 37 00 0
J1 2020 06 01 09 38 00 0
J1 2020 06 01 09 39 00 0
J1 2020 06 01 09 40 00 0
J1 2020 06 01 09 41 00 0
J1 2020 06 01 09 42 00 0
J1 2020 06 01 09 43 00 0
J1 2020 06 01 09 44 00 0
J1 2020 06 01 09 45 00 0
J1 2020 06 01 09 46 00 0
J1 2020 06 01 09 47 00 0
J1 2020 06 01 09 48 00 0
J1 2020 06 01 09 49 00 0
J1 2020 06 01 09 50 00 0
J1 2020 06 01 09 51 00 0
J1 2020 06 01 09 52 00 0
J1 2020 06 01 09 53 00 0
J1 2020 06 01 09 54 00 0
J1 2020 06 01 09 55 00 0
J1 2020 06 01 09 56 00 0
J1 2020 06 01 09 57 00 0
J1 2020 06 01 09 58 00 0
J1 2020 06 01 09 59 00 0
J1 2020 06 01 10 00 00 0
J1 2020 06 01 10 01 00 0
J1 2020 06 01 10 02 00 0
J1 2020 06 01 10 03 00 0
J1 2020 06 01 10 04 00 0
J1 2020 06 01 10 05 00 0
J1 2020 06 01 10 06 00 0
J1 2020 06 01 10 07 00 0
J1 2020 06 01 10 08 00 0
J1 2020 06 01 10 09 00 0
J1 2020 06 01 10 10 00 0
J1 2020 06 01 10 11 00 0
J1 2020 06 01 10 12 00 0
J1 2020 06 01 10 13 00 0
J1 2020 06 01 10 14 00 0
J1 2020 06 01 10 15 00 0
J1 2020 06 01 10 16 00 0
J1 2020 06 01 10 17 00 0
J1 2020 06 01 10 18 00 0
J1 2020 06 01 10 19 00 0
J1 2020 06 01 10 20 00 0
J1 2020 06 01 10 21 00 0
J1 2020 06 01 10 22 00 0
J1 2020 06 01 10 23 00 0
J1 2020 06 01 10 24 00 0
J1 2020 06 01 10 25 00 0
J1 2020 06 01 10 26 00 0
J1 2020 06 01 10 27 00 0
J1 2020 06 01 10 28 00 0
J1 2020 06 01 10 29 00 0
J1 2020 06 01 10 30 00 0
J1 2020 06 01 10 31 00 0
J1 2020 06 01 10 32 00 0
J1 2020 06 01 10 33 00 0
J1 2020 06 01 10 34 00 0
J1 2020 06 01 10 35 00 0
J1 2020 06 01 10 36 00 0
J1 2020 06 01 10 37 00 0
J1 2020 06 01 10 38 00 0
J1 2020 06 01 10 39 00 0
J1 2020 06 01 10 40 00 0
J1 2020 06 01 10 41 00 0
J1 2020 06 01 10 42 00 0
J1 2020 06 01 10 43 00 0
J1 2020 06 01 10 44 00 0
J1 2020 06 01 10 45 00 0
J1 2020 06 01 10 46 00 0
J1 2020 06 01 10 47 00 0
J1 2020 06 01 10 48 00 0
J1 2020 06 01 10 49 00 0
J1 2020 06 01 10 50 00 0
J1 2020 06 01 10 51 00 0
J1 2020 06 01 10 52 00 0
J1 2020 06 01 10 53 00 0
J1 2020 06 01 10 54 00 0
J1 2020 06 01 10 55 00 0
J1 2020 06 01 10 56 00 0
J1 2020 06 01 10 57 00 0
J1 2020 06 01 10 58 00 0
J1 2020 06 01 10 59 00 0
J1 2020 06 01 11 00 00 0
J1 2020 06 01 11 01 00 0
J1 2020 06 01 11 02 00 0
J1 2020 06 01 11 03 00 0
J1 2020 06 01 11 04 00 0
J1 2020 06 01 11 05 00 0
J1 2020 06 01 11 06 00 0
J1 2020 06 01 11 07 00 0
J1 2020 06 01 11 08 00 0
J1 2020 06 01 11 09 00 0
J1 2020 06 01 11 10 00 0
J1 2020 06 01 11 11 00 0
J1 2020 06 01 11 12 00 0
J1 2020 06 01 11 13 00 0
J1 2020 06 01 11 14 00 0
J1 2020 06 01 11 15 00 0
J1 2020 06 01 11 16 00 0
J1 2020 06 01 11 17 00 0.000316
J1 2020 06 01 11 18 00 0.001048
J1 2020 06 01 11 19 00 0.002056
J1 2020 06 01 11 20 00 0.003201
J1 2020 06 01 11 21 00 0.004383
J1 2020 06 01 11 22 00 0.00553
J1 2020 06 01 11 23 00 0.0066
J1 2020 06 01 11 24 00 0.007573
J1 2020 06 01 11 25 00 0.008447
J1 2020 06 01 11 26 00 0.00923
J1 2020 06 01 11 27 00 0.009945
J1 2020 06 01 11 28 00 0.010608
J1 2020 06 01 11 29 00 0.011231
J1 2020 06 01 11 30 00 0.011826
J1 2020 06 01 11 31 00 0.012403
J1 2020 06 01 11 32 00 0.012968
J1 2020 06 01 11 33 00 0.013603
J1 2020 06 01 11 34 00 0.014314
J1 2020 06 01 11 35 00 0.015092
J1 2020 06 01 11 36 00 0.015931
J1 2020 06 01 11 37 00 0.016826
J1 2020 06 01 11 38 00 0.017774
J1 2020 06 01 11 39 00 0.018987
J1 2020 06 01 11 40 00 0.020472
J1 2020 06 01 11 41 00 0.0222
J1 2020 06 01 11 42 00 0.024148
J1 2020 06 01 11 43 00 0.026301
J1 2020 06 01 11 44 00 0.028646
J1 2020 06 01 11 45 00 0.031619
J1 2020 06 01 11 46 00 0.035232
J1 2020 06 01 11 47 00 0.039416
J1 2020 06 01 11 48 00 0.044119
J1 2020 06 01 11 49 00 0.049297
J1 2020 06 01 11 50 00 0.054912
J1 2020 06 01 11 51 00 0.062035
J1 2020 06 01 11 52 00 0.070545
J1 2020 06 01 11 53 00 0.080131
J1 2020 06 01 11 54 00 0.090551
J1 2020 06 01 11 55 00 0.101593
J1 2020 06 01 11 56 00 0.113057
J1 2020 06 01 11 57 00 0.139587
J1 2020 06 01 11 58 00 0.178586
J1 2020 06 01 11 59 00 0.224872
J1 2020 06 01 12 00 00 0.273749
J1 2020 06 01 12 01 00 0.321023
J1 2020 06 01 12 02 00 0.363445
J1 2020 06 01 12 03 00 0.399079
J1 2020 06 01 12 04 00 0.427368
J1 2020 06 01 12 05 00 0.448816
J1 2020 06 01 12 06 00 0.464508
J1 2020 06 01 12 07 00 0.475688
J1 2020 06 01 12 08 00 0.483501
J1 2020 06 01 12 09 00 0.413226
J1 2020 06 01 12 10 00 0.374007
J1 2020 06 01 12 11 00 0.346407
J1 2020 06 01 12 12 00 0.326327
J1 2020 06 01 12 13 00 0.311419
J1 2020 06 01 12 14 00 0.300034
J1 2020 06 01 12 15 00 0.282653
J1 2020 06 01 12 16 00 0.268159
J1 2020 06 01 12 17 00 0.256864
J1 2020 06 01 12 18 00 0.247826
J1 2020 06 01 12 19 00 0.240501
J1 2020 06 01 12 20 00 0.2345
J1 2020 06 01 12 21 00 0.223417
J1 2020 06 01 12 22 00 0.213011
J1 2020 06 01 12 23 00 0.204406
J1 2020 06 01 12 24 00 0.19723
J1 2020 06 01 12 25 00 0.191185
J1 2020 06 01 12 26 00 0.186048
J1 2020 06 01 12 27 00 0.17725
J1 2020 06 01 12 28 00 0.168492
J1 2020 06 01 12 29 00 0.160913
J1 2020 06 01 12 30 00 0.154398
J1 2020 06 01 12 31 00 0.14876
J1 2020 06 01 12 32 00 0.143846
J1 2020 06 01 12 33 00 0.137845
J1 2020 06 01 12 34 00 0.131947
J1 2020 06 01 12 35 00 0.126649
J1 2020 06 01 12 36 00 0.121947
J1 2020 06 01 12 37 00 0.117765
J1 2020 06 01 12 38 00 0.11403
J1 2020 06 01 12 39 00 0.110445
J1 2020 06 01 12 40 00 0.107111
J1 2020 06 01 12 41 00 0.10407
J1 2020 06 01 12 42 00 0.101306
J1 2020 06 01 12 43 00 0.098787
J1 2020 06 01 12 44 00 0.096487
J1 2020 06 01 12 45 00 0.094194
J1 2020 06 01 12 46 00 0.091995
J1 2020 06 01 12 47 00 0.089944
J1 2020 06 01 12 48 00 0.088046
J1 2020 06 01 12 49 00 0.086291
J1 2020 06 01 12 50 00 0.084665
J1 2020 06 01 12 51 00 0.083
J1 2020 06 01 12 52 00 0.08137
J1 2020 06 01 12 53 00 0.079826
J1 2020 06 01 12 54 00 0.078378
J1 2020 06 01 12 55 00 0.077025
J1 2020 06 01 12 56 00 0.07576
J1 2020 06 01 12 57 00 0.074442
J1 2020 06 01 12 58 00 0.073131
J1 2020 06 01 12 59 00 0.071875
J1 2020 06 01 13 00 00 0.070687
J1 2020 06 01 13 01 00 0.069567
J1 2020 06 01 13 02 00 0.068513
J1 2020 06 01 13 03 00 0.067447
J1 2020 06 01 13 04 00 0.066398
J1 2020 06 01 13 05 00 0.065392
J1 2020 06 01 13 06 00 0.064436
J1 2020 06 01 13 07 00 0.06353
J1 2020 06 01 13 08 00 0.062673
J1 2020 06 01 13 09 00 0.061834
J1 2020 06 01 13 10 00 0.061022
J1 2020 06 01 13 11 00 0.060245
J1 2020 06 01 13 12 00 0.059506
J1 2020 06 01 13 13 00 0.058802
J1 2020 06 01 13 14 00 0.058132
J1 2020 06 01 13 15 00 0.057471
J1 2020 06 01 13 16 00 0.056826
J1 2020 06 01 13 17 00 0.056204
J1 2020 06 01 13 18 00 0.055609
J1 2020 06 01 13 19 00 0.05504
J1 2020 06 01 13 20 00 0.054496
J1 2020 06 01 13 21 00 0.053954
J1 2020 06 01 13 22 00 0.053421
J1 2020 06 01 13 23 00 0.052906
J1 2020 06 01 13 24 00 0.052409
J1 2020 06 01 13 25 00 0.051933
J1 2020 06 01 13 26 00 0.051476
J1 2020 06 01 13 27 00 0.051018
J1 2020 06 01 13 28 00 0.050565
J1 2020 06 01 13 29 00 0.050124
J1 2020 06 01 13 30 00 0.049698
J1 2020 06 01 13 31 00 0.049288
J1 2020 06 01 13 32 00 0.048893
J1 2020 06 01 13 33 00 0.048495
J1 2020 06 01 13 34 00 0.048099
J1 2020 06 01 13 35 00 0.047712
J1 2020 06 01 13 36 00 0.047337
J1 2020 06 01 13 37 00 0.046975
J1 2020 06 01 13 38 00 0.046626
J1 2020 06 01 13 39 00 0.046272
J1 2020 06 01 13 40 00 0.045918
J1 2020 06 01 13 41 00 0.045572
J1 2020 06 01 13 42 00 0.045235
J1 2020 06 01 13 43 00 0.044909
J1 2020 06 01 13 44 00 0.044594
J1 2020 06 01 13 45 00 0.044273
J1 2020 06 01 13 46 00 0.043952
J1 2020 06 01 13 47 00 0.043636
J1 2020 06 01 13 48 00 0.043328
J1 2020 06 01 13 49 00 0.043029
J1 2020 06 01 13 50 00 0.04274
J1 2020 06 01 13 51 00 0.042445
J1 2020 06 01 13 52 00 0.042148
J1 2020 06 01 13 53 00 0.041855
J1 2020 06 01 13 54 00 0.04157
J1 2020 06 01 13 55 00 0.041292
J1 2020 06 01 13 56 00 0.041023
J1 2020 06 01 13 57 00 0.040748
J1 2020 06 01 13 58 00 0.04047
J1 2020 06 01 13 59 00 0.040196
J1 2020 06 01 14 00 00 0.039928
J1 2020 06 01 14 01 00 0.039667
J1 2020 06 01 14 02 00 0.039414
J1 2020 06 01 14 03 00 0.039157
J1 2020 06 01 14 04 00 0.038901
J1 2020 06 01 14 05 00 0.038649
J1 2020 06 01 14 06 00 0.038403
J1 2020 06 01 14 07 00 0.038163
J1 2020 06 01 14 08 00 0.03793
J1 2020 06 01 14 09 00 0.037697
J1 2020 06 01 14 10 00 0.037467
J1 2020 06 01 14 11 00 0.037242
J1 2020 06 01 14 12 00 0.037022
J1 2020 06 01 14 13 00 0.036808
J1 2020 06 01 14 14 00 0.036599
J1 2020 06 01 14 15 00 0.036391
J1 2020 06 01 14 16 00 0.036183
J1 2020 06 01 14 17 00 0.035979
J1 2020 06 01 14 18 00 0.035779
J1 2020 06 01 14 19 00 0.035585
J1 2020 06 01 14 20 00 0.035395
J1 2020 06 01 14 21 00 0.035205
J1 2020 06 01 14 22 00 0.035017
J1 2020 06 01 14 23 00 0.034831
J1 2020 06 01 14 24 00 0.034648
J1 2020 06 01 14 25 00 0.034471
J1 2020 06 01 14 26 00 0.034298
J1 2020 06 01 14 27 00 0.034123
J1 2020 06 01 14 28 00 0.033949
J1 2020 06 01 14 29 00 0.033776
J1 2020 06 01 14 30 00 0.033608
J1 2020 06 01 14 31 00 0.033442
J1 2020 06 01 14 32 00 0.033281
J1 2020 06 01 14 33 00 0.033119
J1 2020 06 01 14 34 00 0.032957
J1 2020 06 01 14 35 00 0.032797
J1 2020 06 01 14 36 00 0.03264
J1 2020 06 01 14 37 00 0.032486
J1 2020 06 01 14 38 00 0.032336
J1 2020 06 01 14 39 00 0.032184
J1 2020 06 01 14 40 00 0.032032
J1 2020 06 01 14 41 00 0.031881
J1 2020 06 01 14 42 00 0.031733
J1 2020 06 01 14 43 00 0.031587
J1 2020 06 01 14 44 00 0.031445
J1 2020 06 01 14 45 00 0.031302
J1 2020 06 01 14 46 00 0.031158
J1 2020 06 01 14 47 00 0.031015
J1 2020 06 01 14 48 00 0.030875
J1 2020 06 01 14 49 00 0.030738
J1 2020 06 01 14 50 00 0.030604
J1 2020 06 01 14 51 00 0.030467
J1 2020 06 01 14 52 00 0.03033
J1 2020 06 01 14 53 00 0.030194
J1 2020 06 01 14 54 00 0.03006
J1 2020 06 01 14 55 00 0.029928
J1 2020 06 01 14 56 00 0.029799
J1 2020 06 01 14 57 00 0.029669
J1 2020 06 01 14 58 00 0.029538
J1 2020 06 01 14 59 00 0.029408
J1 2020 06 01 15 00 00 0.02928
J1 2020 06 01 15 01 00 0.029154
J1 2020 06 01 15 02 00 0.02903
J1 2020 06 01 15 03 00 0.028905
J1 2020 06 01 15 04 00 0.028779
J1 2020 06 01 15 05 00 0.028653
J1 2020 06 01 15 06 00 0.028529
J1 2020 06 01 15 07 00 0.028408
J1 2020 06 01 15 08 00 0.028288
J1 2020 06 01 15 09 00 0.028167
J1 2020 06 01 15 10 00 0.028045
J1 2020 06 01 15 11 00 0.027924
J1 2020 06 01 15 12 00 0.027804
J1 2020 06 01 15 13 00 0.027687
J1 2020 06 01 15 14 00 0.027572
J1 2020 06 01 15 15 00 0.027454
J1 2020 06 01 15 16 00 0.027336
J1 2020 06 01 15 17 00 0.027218
J1 2020 06 01 15 18 00 0.027102
J1 2020 06 01 15 19 00 0.026987
J1 2020 06 01 15 20 00 0.026875
J1 2020 06 01 15 21 00 0.02676
J1 2020 06 01 15 22 00 0.026645
J1 2020 06 01 15 23 00 0.026531
J1 2020 06 01 15 24 00 0.026418
J1 2020 06 01 15 25 00 0.026307
J1 2020 06 01 15 26 00 0.026197
J1 2020 06 01 15 27 00 0.026086
J1 2020 06 01 15 28 00 0.025974
J1 2020 06 01 15 29 00 0.025862
J1 2020 06 01 15 30 00 0.025751
J1 2020 06 01 15 31 00 0.025642
J1 2020 06 01 15 32 00 0.025535
J1 2020 06 01 15 33 00 0.025426
J1 2020 06 01 15 34 00 0.025316
J1 2020 06 01 15 35 00 0.025207
J1 2020 06 01 15 36 00 0.025099
J1 2020 06 01 15 37 00 0.024992
J1 2020 06 01 15 38 00 0.024888
J1 2020 06 01 15 39 00 0.024781
J1 2020 06 01 15 40 00 0.024674
J1 2020 06 01 15 41 00 0.024566
J1 2020 06 01 15 42 00 0.02446
J1 2020 06 01 15 43 00 0.024355
J1 2020 06 01 15 44 00 0.024252
J1 2020 06 01 15 45 00 0.024147
J1 2020 06 01 15 46 00 0.024042
J1 2020 06 01 15 47 00 0.023937
J1 2020 06 01 15 48 00 0.023833
J1 2020 06 01 15 49 00 0.02373
J1 2020 06 01 15 50 00 0.023629
J1 2020 06 01 15 51 00 0.023526
J1 2020 06 01 15 52 00 0.023423
J1 2020 06 01 15 53 00 0.023319
J1 2020 06 01 15 54 00 0.023216
J1 2020 06 01 15 55 00 0.023115
J1 2020 06 01 15 56 00 0.023015
J1 2020 06 01 15 57 00 0.022914
J1 2020 06 01 15 58 00 0.022812
J1 2020 06 01 15 59 00 0.02271
J1 2020 06 01 16 00 00 0.02261
J1 2020 06 01 16 01 00 0.02251
J1 2020 06 01 16 02 00 0.022412
J1 2020 06 01 16 03 00 0.022314
J1 2020 06 01 16 04 00 0.022215
J1 2020 06 01 16 05 00 0.022117
J1 2020 06 01 16 06 00 0.02202
J1 2020 06 01 16 07 00 0.021925
J1 2020 06 01 16 08 00 0.021831
J1 2020 06 01 16 09 00 0.021737
J1 2020 06 01 16 10 00 0.021643
J1 2020 06 01 16 11 00 0.02155
J1 2020 06 01 16 12 00 0.021459
J1 2020 06 01 16 13 00 0.021368
J1 2020 06 01 16 14 00 0.021279
J1 2020 06 01 16 15 00 0.021191
J1 2020 06 01 16 16 00 0.021103
J1 2020 06 01 16 17 00 0.021016
J1 2020 06 01 16 18 00 0.020931
J1 2020 06 01 16 19 00 0.020846
J1 2020 06 01 16 20 00 0.020763
J1 2020 06 01 16 21 00 0.02068
J1 2020 06 01 16 22 00 0.020597
J1 2020 06 01 16 23 00 0.020515
J1 2020 06 01 16 24 00 0.020434
J1 2020 06 01 16 25 00 0.020353
J1 2020 06 01 16 26 00 0.020274
J1 2020 06 01 16 27 00 0.020196
J1 2020 06 01 16 28 00 0.020117
J1 2020 06 01 16 29 00 0.02004
J1 2020 06 01 16 30 00 0.019963
J1 2020 06 01 16 31 00 0.019887
J1 2020 06 01 16 32 00 0.019813
J1 2020 06 01 16 33 00 0.019738
J1 2020 06 01 16 34 00 0.019664
J1 2020 06 01 16 35 00 0.01959
J1 2020 06 01 16 36 00 0.019516
J1 2020 06 01 16 37 00 0.019444
J1 2020 06 01 16 38 00 0.019372
J1 2020 06 01 16 39 00 0.019301
J1 2020 06 01 16 40 00 0.01923
J1 2020 06 01 16 41 00 0.019159
J1 2020 06 01 16 42 00 0.019089
J1 2020 06 01 16 43 00 0.019021
J1 2020 06 01 16 44 00 0.018953
J1 2020 06 01 16 45 00 0.018885
J1 2020 06 01 16 46 00 0.018817
J1 2020 06 01 16 47 00 0.018749
J1 2020 06 01 16 48 00 0.018682
J1 2020 06 01 16 49 00 0.018615
J1 2020 06 01 16 50 00 0.018549
J1 2020 06 01 16 51 00 0.018484
J1 2020 06 01 16 52 00 0.018418
J1 2020 06 01 16 53 00 0.018354
J1 2020 06 01 16 54 00 0.018289
J1 2020 06 01 16 55 00 0.018226
J1 2020 06 01 16 56 00 0.018163
J1 2020 06 01 16 57 00 0.018101
J1 2020 06 01 16 58 00 0.018037
J1 2020 06 01 16 59 00 0.017975
J1 2020 06 01 17 00 00 0.017912
J1 2020 06 01 17 01 00 0.017851
J1 2020 06 01 17 02 00 0.01779
J1 2020 06 01 17 03 00 0.017729
J1 2020 06 01 17 04 00 0.017668
J1 2020 06 01 17 05 00 0.017608
J1 2020 06 01 17 06 00 0.017548
J1 2020 06 01 17 07 00 0.017489
J1 2020 06 01 17 08 00 0.01743
J1 2020 06 01 17 09 00 0.017371
J1 2020 06 01 17 10 00 0.017312
J1 2020 06 01 17 11 00 0.017254
J1 2020 06 01 17 12 00 0.017195
J1 2020 06 01 17 13 00 0.017138
J1 2020 06 01 17 14 00 0.01708
J1 2020 06 01 17 15 00 0.017023
J1 2020 06 01 17 16 00 0.016966
J1 2020 06 01 17 17 00 0.016909
J1 2020 06 01 17 18 00 0.016853
J1 2020 06 01 17 19 00 0.016797
J1 2020 06 01 17 20 00 0.016742
J1 2020 06 01 17 21 00 0.016687
J1 2020 06 01 17 22 00 0.016631
J1 2020 06 01 17 23 00 0.016576
J1 2020 06 01 17 24 00 0.016521
J1 2020 06 01 17 25 00 0.016466
J1 2020 06 01 17 26 00 0.016412
J1 2020 06 01 17 27 00 0.016358
J1 2020 06 01 17 28 00 0.016304
J1 2020 06 01 17 29 00 0.01625
J1 2020 06 01 17 30 00 0.016196
J1 2020 06 01 17 31 00 0.016144
J1 2020 06 01 17 32 00 0.016091
J1 2020 06 01 17 33 00 0.016039
J1 2020 06 01 17 34 00 0.015986
J1 2020 06 01 17 35 00 0.015933
J1 2020 06 01 17 36 00 0.01588
J1 2020 06 01 17 37 00 0.015828
J1 2020 06 01 17 38 00 0.015777
J1 2020 06 01 17 39 00 0.015725
J1 2020 06 01 17 40 00 0.015674
J1 2020 06 01 17 41 00 0.015622
J1 2020 06 01 17 42 00 0.015571
J1 2020 06 01 17 43 00 0.015521
J1 2020 06 01 17 44 00 0.015471
J1 2020 06 01 17 45 00 0.015421
J1 2020 06 01 17 46 00 0.01537
J1 2020 06 01 17 47 00 0.015319
J1 2020 06 01 17 48 00 0.015269
J1 2020 06 01 17 49 00 0.015219
J1 2020 06 01 17 50 00 0.01517
J1 2020 06 01 17 51 00 0.01512
J1 2020 06 01 17 52 00 0.015071
J1 2020 06 01 17 53 00 0.015022
J1 2020 06 01 17 54 00 0.014973
J1 2020 06 01 17 55 00 0.014924
J1 2020 06 01 17 56 00 0.014876
J1 2020 06 01 17 57 00 0.014828
J1 2020 06 01 17 58 00 0.014779
J1 2020 06 01 17 59 00 0.014731
J1 2020 06 01 18 00 00 0.014682
J1 2020 06 01 18 01 00 0.014634
J1 2020 06 01 18 02 00 0.014587
J1 2020 06 01 18 03 00 0.014539
J1 2020 06 01 18 04 00 0.014492
J1 2020 06 01 18 05 00 0.014445
J1 2020 06 01 18 06 00 0.014398
J1 2020 06 01 18 07 00 0.014352
J1 2020 06 01 18 08 00 0.014306
J1 2020 06 01 18 09 00 0.01426
J1 2020 06 01 18 10 00 0.014215
J1 2020 06 01 18 11 00 0.01417
J1 2020 06 01 18 12 00 0.014126
J1 2020 06 01 18 13 00 0.014083
J1 2020 06 01 18 14 00 0.014039
J1 2020 06 01 18 15 00 0.013996
J1 2020 06 01 18 16 00 0.013954
J1 2020 06 01 18 17 00 0.013911
J1 2020 06 01 18 18 00 0.013869
J1 2020 06 01 18 19 00 0.013828
J1 2020 06 01 18 20 00 0.013787
J1 2020 06 01 18 21 00 0.013746
J1 2020 06 01 18 22 00 0.013705
J1 2020 06 01 18 23 00 0.013665
J1 2020 06 01 18 24 00 0.013625
J1 2020 06 01 18 25 00 0.013586
J1 2020 06 01 18 26 00 0.013547
J1 2020 06 01 18 27 00 0.013509
J1 2020 06 01 18 28 00 0.01347
J1 2020 06 01 18 29 00 0.013432
J1 2020 06 01 18 30 00 0.013394
J1 2020 06 01 18 31 00 0.013356
J1 2020 06 01 18 32 00 0.013319
J1 2020 06 01 18 33 00 0.013282
J1 2020 06 01 18 34 00 0.013246
J1 2020 06 01 18 35 00 0.013209
J1 2020 06 01 18 36 00 0.013173
J1 2020 06 01 18 37 00 0.013138
J1 2020 06 01 18 38 00 0.013103
J1 2020 06 01 18 39 00 0.013067
J1 2020 06 01 18 40 00 0.013032
J1 2020 06 01 18 41 00 0.012998
J1 2020 06 01 18 42 00 0.012963
J1 2020 06 01 18 43 00 0.012929
J1 2020 06 01 18 44 00 0.012895
J1 2020 06 01 18 45 00 0.012861
J1 2020 06 01 18 46 00 0.012828
J1 2020 06 01 18 47 00 0.012795
J1 2020 06 01 18 48 00 0.012762
J1 2020 06 01 18 49 00 0.012729
J1 2020 06 01 18 50 00 0.012697
J1 2020 06 01 18 51 00 0.012665
J1 2020 06 01 18 52 00 0.012633
J1 2020 06 01 18 53 00 0.012601
J1 2020 06 01 18 54 00 0.01257
J1 2020 06 01 18 55 00 0.012538
J1 2020 06 01 18 56 00 0.012507
J1 2020 06 01 18 57 00 0.012476
J1 2020 06 01 18 58 00 0.012445
J1 2020 06 01 18 59 00 0.012415
J1 2020 06 01 19 00 00 0.012385
J1 2020 06 01 19 01 00 0.012355
J1 2020 06 01 19 02 00 0.012325
J1 2020 06 01 19 03 00 0.012295
J1 2020 06 01 19 04 00 0.012266
J1 2020 06 01 19 05 00 0.012236
J1 2020 06 01 19 06 00 0.012207
J1 2020 06 01 19 07 00 0.012178
J1 2020 06 01 19 08 00 0.012149
J1 2020 06 01 19 09 00 0.012121
J1 2020 06 01 19 10 00 0.012092
J1 2020 06 01 19 11 00 0.012064
J1 2020 06 01 19 12 00 0.012036
J1 2020 06 01 19 13 00 0.012008
J1 2020 06 01 19 14 00 0.011981
J1 2020 06 01 19 15 00 0.011953
J1 2020 06 01 19 16 00 0.011926
J1 2020 06 01 19 17 00 0.011899
J1 2020 06 01 19 18 00 0.011871
J1 2020 06 01 19 19 00 0.011844
J1 2020 06 01 19 20 00 0.011818
J1 2020 06 01 19 21 00 0.011791
J1 2020 06 01 19 22 00 0.011764
J1 2020 06 01 19 23 00 0.011738
J1 2020 06 01 19 24 00 0.011712
J1 2020 06 01 19 25 00 0.011686
J1 2020 06 01 19 26 00 0.01166
J1 2020 06 01 19 27 00 0.011635
J1 2020 06 01 19 28 00 0.011609
J1 2020 06 01 19 29 00 0.011584
J1 2020 06 01 19 30 00 0.011558
J1 2020 06 01 19 31 00 0.011533
J1 2020 06 01 19 32 00 0.011508
J1 2020 06 01 19 33 00 0.011483
J1 2020 06 01 19 34 00 0.011458
J1 2020 06 01 19 35 00 0.011433
J1 2020 06 01 19 36 00 0.011409
J1 2020 06 01 19 37 00 0.011385
J1 2020 06 01 19 38 00 0.011361
J1 2020 06 01 19 39 00 0.011336
J1 2020 06 01 19 40 00 0.011312
J1 2020 06 01 19 41 00 0.011288
J1 2020 06 01 19 42 00 0.011264
J1 2020 06 01 19 43 00 0.011241
J1 2020 06 01 19 44 00 0.011217
J1 2020 06 01 19 45 00 0.011194
J1 2020 06 01 19 46 00 0.01117
J1 2020 06 01 19 47 00 0.011147
J1 2020 06 01 19 48 00 0.011124
J1 2020 06 01 19 49 00 0.011101
J1 2020 06 01 19 50 00 0.011078
J1 2020 06 01 19 51 00 0.011055
J1 2020 06 01 19 52 00 0.011033
J1 2020 06 01 19 53 00 0.01101
J1 2020 06 01 19 54 00 0.010987
J1 2020 06 01 19 55 00 0.010965
J1 2020 06 01 19 56 00 0.010943
J1 2020 06 01 19 57 00 0.010921
J1 2020 06 01 19 58 00 0.010898
J1 2020 06 01 19 59 00 0.010876
J1 2020 06 01 20 00 00 0.010854
J1 2020 06 01 20 01 00 0.010833
J1 2020 06 01 20 02 00 0.010811
J1 2020 06 01 20 03 00 0.01079
J1 2020 06 01 20 04 00 0.010768
J1 2020 06 01 20 05 00 0.010747
J1 2020 06 01 20 06 00 0.010725
J1 2020 06 01 20 07 00 0.010704
J1 2020 06 01 20 08 00 0.010683
J1 2020 06 01 20 09 00 0.010662
J1 2020 06 01 20 10 00 0.010641
J1 2020 06 01 20 11 00 0.01062
J1 2020 06 01 20 12 00 0.0106
J1 2020 06 01 20 13 00 0.010579
J1 2020 06 01 20 14 00 0.010559
J1 2020 06 01 20 15 00 0.010539
J1 2020 06 01 20 16 00 0.010519
J1 2020 06 01 20 17 00 0.010499
J1 2020 06 01 20 18 00 0.010478
J1 2020 06 01 20 19 00 0.010458
J1 2020 06 01 20 20 00 0.010439
J1 2020 06 01 20 21 00 0.010419
J1 2020 06 01 20 22 00 0.010399
J1 2020 06 01 20 23 00 0.01038
J1 2020 06 01 20 24 00 0.01036
J1 2020 06 01 20 25 00 0.010341
J1 2020 06 01 20 26 00 0.010321
J1 2020 06 01 20 27 00 0.010302
J1 2020 06 01 20 28 00 0.010283
J1 2020 06 01 20 29 00 0.010264
J1 2020 06 01 20 30 00 0.010245
J1 2020 06 01 20 31 00 0.010226
J1 2020 06 01 20 32 00 0.010208
J1 2020 06 01 20 33 00 0.010189
J1 2020 06 01 20 34 00 0.01017
J1 2020 06 01 20 35 00 0.010152
J1 2020 06 01 20 36 00 0.010134
J1 2020 06 01 20 37 00 0.010115
J1 2020 06 01 20 38 00 0.010097
J1 2020 06 01 20 39 00 0.010079
J1 2020 06 01 20 40 00 0.010061
J1 2020 06 01 20 41 00 0.010043
J1 2020 06 01 20 42 00 0.010024
J1 2020 06 01 20 43 00 0.010006
J1 2020 06 01 20 44 00 0.009988
J1 2020 06 01 20 45 00 0.009971
J1 2020 06 01 20 46 00 0.009953
J1 2020 06 01 20 47 00 0.009935
J1 2020 06 01 20 48 00 0.009918
J1 2020 06 01 20 49 00 0.009901
J1 2020 06 01 20 50 00 0.009883
J1 2020 06 01 20 51 00 0.009866
J1 2020 06 01 20 52 00 0.009849
J1 2020 06 01 20 53 00 0.009832
J1 2020 06 01 20 54 00 0.009815
J1 2020 06 01 20 55 00 0.009798
J1 2020 06 01 20 56 00 0.009781
J1 2020 06 01 20 57 00 0.009764
J1 2020 06 01 20 58 00 0.009747
J1 2020 06 01 20 59 00 0.00973
J1 2020 06 01 21 00 00 0.009714
J1 2020 06 01 21 01 00 0.009697
J1 2020 06 01 21 02 00 0.009681
J1 2020 06 01 21 03 00 0.009665
J1 2020 06 01 21 04 00 0.009648
J1 2020 06 01 21 05 00 0.009632
J1 2020 06 01 21 06 00 0.009616
J1 2020 06 01 21 07 00 0.009599
J1 2020 06 01 21 08 00 0.009583
J1 2020 06 01 21 09 00 0.009567
J1 2020 06 01 21 10 00 0.009551
J1 2020 06 01 21 11 00 0.009535
J1 2020 06 01 21 12 00 0.009519
J1 2020 06 01 21 13 00 0.009503
J1 2020 06 01 21 14 00 0.009487
J1 2020 06 01 21 15 00 0.009472
J1 2020 06 01 21 16 00 0.009456
J1 2020 06 01 21 17 00 0.00944
J1 2020 06 01 21 18 00 0.009424
J1 2020 06 01 21 19 00 0.009409
J1 2020 06 01 21 20 00 0.009393
J1 2020 06 01 21 21 00 0.009378
J1 2020 06 01 21 22 00 0.009363
J1 2020 06 01 21 23 00 0.009347
J1 2020 06 01 21 24 00 0.009332
J1 2020 06 01 21 25 00 0.009317
J1 2020 06 01 21 26 00 0.009302
J1 2020 06 01 21 27 00 0.009287
J1 2020 06 01 21 28 00 0.009271
J1 2020 06 01 21 29 00 0.009256
J1 2020 06 01 21 30 00 0.009241
J1 2020 06 01 21 31 00 0.009226
J1 2020 06 01 21 32 00 0.009211
J1 2020 06 01 21 33 00 0.009196
J1 2020 06 01 21 34 00 0.009181
J1 2020 06 01 21 35 00 0.009166
J1 2020 06 01 21 36 00 0.009152
J1 2020 06 01 21 37 00 0.009137
J1 2020 06 01 21 38 00 0.009123
J1 2020 06 01 21 39 00 0.009108
J1 2020 06 01 21 40 00 0.009093
J1 2020 06 01 21 41 00 0.009079
J1 2020 06 01 21 42 00 0.009064
J1 2020 06 01 21 43 00 0.00905
J1 2020 06 01 21 44 00 0.009035
J1 2020 06 01 21 45 00 0.009021
J1 2020 06 01 21 46 00 0.009007
J1 2020 06 01 21 47 00 0.008993
J1 2020 06 01 21 48 00 0.008979
J1 2020 06 01 21 49 00 0.008965
J1 2020 06 01 21 50 00 0.008951
J1 2020 06 01 21 51 00 0.008937
J1 2020 06 01 21 52 00 0.008923
J1 2020 06 01 21 53 00 0.008909
J1 2020 06 01 21 54 00 0.008895
J1 2020 06 01 21 55 00 0.008881
J1 2020 06 01 21 56 00 0.008867
J1 2020 06 01 21 57 00 0.008853
J1 2020 06 01 21 58 00 0.008839
J1 2020 06 01 21 59 00 0.008825
J1 2020 06 01 22 00 00 0.008812
J1 2020 06 01 22 01 00 0.008798
J1 2020 06 01 22 02 00 0.008784
J1 2020 06 01 22 03 00 0.008771
J1 2020 06 01 22 04 00 0.008757
J1 2020 06 01 22 05 00 0.008743
J1 2020 06 01 22 06 00 0.00873
J1 2020 06 01 22 07 00 0.008716
J1 2020 06 01 22 08 00 0.008703
J1 2020 06 01 22 09 00 0.00869
J1 2020 06 01 22 10 00 0.008676
J1 2020 06 01 22 11 00 0.008663
J1 2020 06 01 22 12 00 0.00865
J1 2020 06 01 22 13 00 0.008636
J1 2020 06 01 22 14 00 0.008623
J1 2020 06 01 22 15 00 0.00861
J1 2020 06 01 22 16 00 0.008597
J1 2020 06 01 22 17 00 0.008583
J1 2020 06 01 22 18 00 0.00857
J1 2020 06 01 22 19 00 0.008557
J1 2020 06 01 22 20 00 0.008503
J1 2020 06 01 22 21 00 0.008011
J1 2020 06 01 22 22 00 0.007564
J1 2020 06 01 22 23 00 0.007233
J1 2020 06 01 22 24 00 0.006986
J1 2020 06 01 22 25 00 0.006801
J1 2020 06 01 22 26 00 0.00666
J1 2020 06 01 22 27 00 0.006529
J1 2020 06 01 22 28 00 0.006425
J1 2020 06 01 22 29 00 0.006345
J1 2020 06 01 22 30 00 0.006284
J1 2020 06 01 22 31 00 0.006237
J1 2020 06 01 22 32 00 0.0062
J1 2020 06 01 22 33 00 0.006172
J1 2020 06 01 22 34 00 0.00615
J1 2020 06 01 22 35 00 0.006133
J1 2020 06 01 22 36 00 0.00612
J1 2020 06 01 22 37 00 0.006109
J1 2020 06 01 22 38 00 0.006101
J1 2020 06 01 22 39 00 0.006073
J1 2020 06 01 22 40 00 0.006047
J1 2020 06 01 22 41 00 0.006026
J1 2020 06 01 22 42 00 0.00601
J1 2020 06 01 22 43 00 0.005998
J1 2020 06 01 22 44 00 0.005989
J1 2020 06 01 22 45 00 0.00597
J1 2020 06 01 22 46 00 0.005954
J1 2020 06 01 22 47 00 0.005941
J1 2020 06 01 22 48 00 0.005931
J1 2020 06 01 22 49 00 0.005923
J1 2020 06 01 22 50 00 0.005917
J1 2020 06 01 22 51 00 0.005901
J1 2020 06 01 22 52 00 0.005887
J1 2020 06 01 22 53 00 0.005875
J1 2020 06 01 22 54 00 0.005867
J1 2020 06 01 22 55 00 0.00586
J1 2020 06 01 22 56 00 0.005855
J1 2020 06 01 22 57 00 0.00584
J1 2020 06 01 22 58 00 0.005826
J1 2020 06 01 22 59 00 0.005815
J1 2020 06 01 23 00 00 0.005806
J1 2020 06 01 23 01 00 0.0058
J1 2020 06 01 23 02 00 0.005795
J1 2020 06 01 23 03 00 0.005769
J1 2020 06 01 23 04 00 0.005744
J1 2020 06 01 23 05 00 0.005725
J1 2020 06 01 23 06 00 0.005711
J1 2020 06 01 23 07 00 0.005699
J1 2020 06 01 23 08 00 0.00569
J1 2020 06 01 23 09 00 0.005683
J1 2020 06 01 23 10 00 0.005677
J1 2020 06 01 23 11 00 0.005673
J1 2020 06 01 23 12 00 0.005669
J1 2020 06 01 23 13 00 0.005667
J1 2020 06 01 23 14 00 0.005665
J1 2020 06 01 23 15 00 0.005641
J1 2020 06 01 23 16 00 0.005619
J1 2020 06 01 23 17 00 0.005602
J1 2020 06 01 23 18 00 0.005588
J1 2020 06 01 23 19 00 0.005577
J1 2020 06 01 23 20 00 0.005569
J1 2020 06 01 23 21 00 0.005562
J1 2020 06 01 23 22 00 0.005557
J1 2020 06 01 23 23 00 0.005553
J1 2020 06 01 23 24 00 0.00555
J1 2020 06 01 23 25 00 0.005547
J1 2020 06 01 23 26 00 0.005545
J1 2020 06 01 23 27 00 0.005522
J1 2020 06 01 23 28 00 0.0055
J1 2020 06 01 23 29 00 0.005483
J1 2020 06 01 23 30 00 0.005469
J1 2020 06 01 23 31 00 0.005458
J1 2020 06 01 23 32 00 0.00545
J1 2020 06 01 23 33 00 0.005433
J1 2020 06 01 23 34 00 0.005417
J1 2020 06 01 23 35 00 0.005405
J1 2020 06 01 23 36 00 0.005395
J1 2020 06 01 23 37 00 0.005387
J1 2020 06 01 23 38 00 0.005382
J1 2020 06 01 23 39 00 0.005366
J1 2020 06 01 23 40 00 0.005352
J1 2020 06 01 23 41 00 0.005341
J1 2020 06 01 23 42 00 0.005332
J1 2020 06 01 23 43 00 0.005325
J1 2020 06 01 23 44 00 0.00532
J1 2020 06 01 23 45 00 0.005305
J1 2020 06 01 23 46 00 0.005292
J1 2020 06 01 23 47 00 0.005281
J1 2020 06 01 23 48 00 0.005272
J1 2020 06 01 23 49 00 0.005265
J1 2020 06 01 23 50 00 0.00526
J1 2020 06 01 23 51 00 0.005235
J1 2020 06 01 23 52 00 0.005211
J1 2020 06 01 23 53 00 0.005192
J1 2020 06 01 23 54 00 0.005177
J1 2020 06 01 23 55 00 0.005166
J1 2020 06 01 23 56 00 0.005156
J1 2020 06 01 23 57 00 0.005149
J1 2020 06 01 23 58 00 0.005143
J1 2020 06 01 23 59 00 0.005139
J1 2020 06 02 00 00 00 0.005135
J1 2020 06 02 00 01 00 0.005132
J1 2020 06 02 00 02 00 0.00513
J1 2020 06 02 00 03 00 0.004278
J1 2020 06 02 00 04 00 0.003481
J1 2020 06 02 00 05 00 0.002882
J1 2020 06 02 00 06 00 0.002421
J1 2020 06 02 00 07 00 0.002059
J1 2020 06 02 00 08 00 0.00177
J1 2020 06 02 00 09 00 0.001536
J1 2020 06 02 00 10 00 0.001344
J1 2020 06 02 00 11 00 0.001184
J1 2020 06 02 00 12 00 0.00105
J1 2020 06 02 00 13 00 0.000937
J1 2020 06 02 00 14 00 0.00084
J1 2020 06 02 00 15 00 0.000757
J1 2020 06 02 00 16 00 0.000685
J1 2020 06 02 00 17 00 0.000623
J1 2020 06 02 00 18 00 0.000568
J1 2020 06 02 00 19 00 0.00052
J1 2020 06 02 00 20 00 0.000477
J1 2020 06 02 00 21 00 0.000439
J1 2020 06 02 00 22 00 0.000406
J1 2020 06 02 00 23 00 0.000376
J1 2020 06 02 00 24 00 0.000348
J1 2020 06 02 00 25 00 0.000324
J1 2020 06 02 00 26 00 0.000302
J1 2020 06 02 00 27 00 0.000282
J1 2020 06 02 00 28 00 0.000264
J1 2020 06 02 00 29 00 0.000247
J1 2020 06 02 00 30 00 0.000243
J1 2020 06 02 00 31 00 0.00024
J1 2020 06 02 00 32 00 0.000238
J1 2020 06 02 00 33 00 0.000236
J1 2020 06 02 00 34 00 0.000234
J1 2020 06 02 00 35 00 0.000231
J1 2020 06 02 00 36 00 0.000229
J1 2020 06 02 00 37 00 0.000227
J1 2020 06 02 00 38 00 0.000224
J1 2020 06 02 00 39 00 0.000222
J1 2020 06 02 00 40 00 0.00022
J1 2020 06 02 00 41 00 0.000217
J1 2020 06 02 00 42 00 0.000215
J1 2020 06 02 00 43 00 0.000213
J1 2020 06 02 00 44 00 0.00021
J1 2020 06 02 00 45 00 0.000208
J1 2020 06 02 00 46 00 0.000206
J1 2020 06 02 00 47 00 0.000204
J1 2020 06 02 00 48 00 0.000201
J1 2020 06 02 00 49 00 0.000199
J1 2020 06 02 00 50 00 0.000197
J1 2020 06 02 00 51 00 0.000194
J1 2020 06 02 00 52 00 0.000192
J1 2020 06 02 00 53 00 0.00019
J1 2020 06 02 00 54 00 0.000187
J1 2020 06 02 00 55 00 0.000185
J1 2020 06 02 00 56 00 0.000183
J1 2020 06 02 00 57 00 0.00018
J1 2020 06 02 00 58 00 0.000178
J1 2020 06 02 00 59 00 0.000176
J1 2020 06 02 01 00 00 0.000174
J1 2020 06 02 01 01 00 0.000171
J1 2020 06 02 01 02 00 0.000169
J1 2020 06 02 01 03 00 0.000167
J1 2020 06 02 01 04 00 0.000164
J1 2020 06 02 01 05 00 0.000162
J1 2020 06 02 01 06 00 0.00016
J1 2020 06 02 01 07 00 0.000157
J1 2020 06 02 01 08 00 0.000155
J1 2020 06 02 01 09 00 0.000153
J1 2020 06 02 01 10 00 0.00015
J1 2020 06 02 01 11 00 0.000148
J1 2020 06 02 01 12 00 0.000146
J1 2020 06 02 01 13 00 0.000144
J1 2020 06 02 01 14 00 0.000141
J1 2020 06 02 01 15 00 0.000139
J1 2020 06 02 01 16 00 0.000137
J1 2020 06 02 01 17 00 0.000134
J1 2020 06 02 01 18 00 0.000132
J1 2020 06 02 01 19 00 0.00013
J1 2020 06 02 01 20 00 0.000127
J1 2020 06 02 01 21 00 0.000125
J1 2020 06 02 01 22 00 0.000123
J1 2020 06 02 01 23 00 0.00012
J1 2020 06 02 01 24 00 0.000118
J1 2020 06 02 01 25 00 0.000116
J1 2020 06 02 01 26 00 0.000114
J1 2020 06 02 01 27 00 0.000111
J1 2020 06 02 01 28 00 0.000109
J1 2020 06 02 01 29 00 0.000107
J1 2020 06 02 01 30 00 0.000105
J1 2020 06 02 01 31 00 0.000103
J1 2020 06 02 01 32 00 0.000101
J1 2020 06 02 01 33 00 9.9e-05
J1 2020 06 02 01 34 00 9.8e-05
J1 2020 06 02 01 35 00 9.6e-05
J1 2020 06 02 01 36 00 9.4e-05
J1 2020 06 02 01 37 00 9.2e-05
J1 2020 06 02 01 38 00 9.1e-05
J1 2020 06 02 01 39 00 8.9e-05
J1 2020 06 02 01 40 00 8.7e-05
J1 2020 06 02 01 41 00 8.5e-05
J1 2020 06 02 01 42 00 8.4e-05
J1 2020 06 02 01 43 00 8.2e-05
J1 2020 06 02 01 44 00 8e-05
J1 2020 06 02 01 45 00 7.8e-05
J1 2020 06 02 01 46 00 7.6e-05
J1 2020 06 02 01 47 00 7.5e-05
J1 2020 06 02 01 48 00 7.3e-05
J1 2020 06 02 01 49 00 7.1e-05
J1 2020 06 02 01 50 00 6.9e-05
J1 2020 06 02 01 51 00 6.8e-05
J1 2020 06 02 01 52 00 6.6e-05
J1 2020 06 02 01 53 00 6.4e-05
J1 2020 06 02 01 54 00 6.2e-05
J1 2020 06 02 01 55 00 6.1e-05
J1 2020 06 02 01 56 00 5.9e-05
J1 2020 06 02 01 57 00 5.7e-05
J1 2020 06 02 01 58 00 5.5e-05
J1 2020 06 02 01 59 00 5.3e-05
J1 2020 06 02 02 00 00 5.2e-05
J1 2020 06 02 02 01 00 5e-05
J1 2020 06 02 02 02 00 4.8e-05
J1 2020 06 02 02 03 00 4.6e-05
J1 2020 06 02 02 04 00 4.5e-05
J1 2020 06 02 02 05 00 4.3e-05
J1 2020 06 02 02 06 00 4.1e-05
J1 2020 06 02 02 07 00 3.9e-05
J1 2020 06 02 02 08 00 3.7e-05
J1 2020 06 02 02 09 00 3.6e-05
J1 2020 06 02 02 10 00 3.4e-05
J1 2020 06 02 02 11 00 3.2e-05
J1 2020 06 02 02 12 00 3e-05
J1 2020 06 02 02 13 00 2.9e-05
J1 2020 06 02 02 14 00 2.7e-05
J1 2020 06 02 02 15 00 2.5e-05
J1 2020 06 02 02 16 00 2.3e-05
J1 2020 06 02 02 17 00 2.2e-05
J1 2020 06 02 02 18 00 2e-05
J1 2020 06 02 02 19 00 1.8e-05
J1 2020 06 02 02 20 00 1.6e-05
J1 2020 06 02 02 21 00 1.4e-05
J1 2020 06 02 02 22 00 1.3e-05
J1 2020 06 02 02 23 00 1.1e-05
J1 2020 06 02 02 24 00 9e-06
J1 2020 06 02 02 25 00 7e-06
J1 2020 06 02 02 26 00 6e-06
J1 2020 06 02 02 27 00 4e-06
J1 2020 06 02 02 28 00 2e-06
J1 2020 06 02 02 29 00 0
J1 2020 06 02 02 30 00 0
J1 2020 06 02 02 31 00 0
J1 2020 06 02 02 32 00 0
J1 2020 06 02 02 33 00 0
J1 2020 06 02 02 34 00 0
J1 2020 06 02 02 35 00 0
J1 2020 06 02 02 36 00 0
J1 2020 06 02 02 37 00 0
J1 2020 06 02 02 38 00 0
J1 2020 06 02 02 39 00 0
J1 2020 06 02 02 40 00 0
J1 2020 06 02 02 41 00 0
J1 2020 06 02 02 42 00 0
J1 2020 06 02 02 43 00 0
J1 2020 06 02 02 44 00 0
J1 2020 06 02 02 45 00 0
J1 2020 06 02 02 46 00 0
J1 2020 06 02 02 47 00 0
J1 2020 06 02 02 48 00 0
J1 2020 06 02 02 49 00 0
J1 2020 06 02 02 50 00 0
J1 2020 06 02 02 51 00 0
J1 2020 06 02 02 52 00 0
J1 2020 06 02 02 53 00 0
J1 2020 06 02 02 54 00 0
J1 2020 06 02 02 55 00 0
J1 2020 06 02 02 56 00 0
J1 2020 06 02 02 57 00 0
J1 2020 06 02 02 58 00 0
J1 2020 06 02 02 59 00 0
J1 2020 06 02 03 00 00 0
J1 2020 06 02 03 01 00 0
J1 2020 06 02 03 02 00 0
J1 2020 06 02 03 03 00 0
J1 2020 06 02 03 04 00 0
J1 2020 06 02 03 05 00 0
J1 2020 06 02 03 06 00 0
J1 2020 06 02 03 07 00 0
J1 2020 06 02 03 08 00 0
J1 2020 06 02 03 09 00 0
J1 2020 06 02 03 10 00 0
J1 2020 06 02 03 11 00 0
J1 2020 06 02 03 12 00 0
J1 2020 06 02 03 13 00 0
J1 2020 06 02 03 14 00 0
J1 2020 06 02 03 15 00 0
J1 2020 06 02 03 16 00 0
J1 2020 06 02 03 17 00 0
J1 2020 06 02 03 18 00 0
J1 2020 06 02 03 19 00 0
J1 2020 06 02 03 20 00 0
J1 2020 06 02 03 21 00 0
J1 2020 06 02 03 22 00 0
J1 2020 06 02 03 23 00 0
J1 2020 06 02 03 24 00 0
J1 2020 06 02 03 25 00 0
J1 2020 06 02 03 26 00 0
J1 2020 06 02 03 27 00 0
J1 2020 06 02 03 28 00 0
J1 2020 06 02 03 29 00 0
J1 2020 06 02 03 30 00 0
J1 2020 06 02 03 31 00 0
J1 2020 06 02 03 32 00 0
J1 2020 06 02 03 33 00 0
J1 2020 06 02 03 34 00 0
J1 2020 06 02 03 35 00 0
J1 2020 06 02 03 36 00 0
J1 2020 06 02 03 37 00 0
J1 2020 06 02 03 38 00 0
J1 2020 06 02 03 39 00 0
J1 2020 06 02 03 40 00 0
J1 2020 06 02 03 41 00 0
J1 2020 06 02 03 42 00 0
J1 2020 06 02 03 43 00 0
J1 2020 06 02 03 44 00 0
J1 2020 06 02 03 45 00 0
J1 2020 06 02 03 46 00 0
J1 2020 06 02 03 47 00 0
J1 2020 06 02 03 48 00 0
J1 2020 06 02 03 49 00 0
J1 2020 06 02 03 50 00 0
J1 2020 06 02 03 51 00 0
J1 2020 06 02 03 52 00 0
J1 2020 06 02 03 53 00 0
J1 2020 06 02 03 54 00 0
J1 2020 06 02 03 55 00 0
J1 2020 06 02 03 56 00 0
J1 2020 06 02 03 57 00 0
J1 2020 06 02 03 58 00 0
J1 2020 06 02 03 59 00 0
J1 2020 06 02 04 00 00 0
J1 2020 06 02 04 01 00 0
J1 2020 06 02 04 02 00 0
J1 2020 06 02 04 03 00 0
J1 2020 06 02 04 04 00 0
J1 2020 06 02 04 05 00 0
J1 2020 06 02 04 06 00 0
J1 2020 06 02 04 07 00 0
J1 2020 06 02 04 08 00 0
J1 2020 06 02 04 09 00 0
J1 2020 06 02 04 10 00 0
J1 2020 06 02 04 11 00 0
J1 2020 06 02 04 12 00 0
J1 2020 06 02 04 13 00 0
J1 2020 06 02 04 14 00 0
J1 2020 06 02 04 15 00 0
J1 2020 06 02 04 16 00 0
J1 2020 06 02 04 17 00 0
J1 2020 06 02 04 18 00 0
J1 2020 06 02 04 19 00 0
J1 2020 06 02 04 20 00 0
J1 2020 06 02 04 21 00 0
J1 2020 06 02 04 22 00 0
J1 2020 06 02 04 23 00 0
J1 2020 06 02 04 24 00 0
J1 2020 06 02 04 25 00 0
J1 2020 06 02 04 26 00 0
J1 2020 06 02 04 27 00 0
J1 2020 06 02 04 28 00 0
J1 2020 06 02 04 29 00 0
J1 2020 06 02 04 30 00 0
J1 2020 06 02 04 31 00 0
J1 2020 06 02 04 32 00 0
J1 2020 06 02 04 33 00 0
J1 2020 06 02 04 34 00 0
J1 2020 06 02 04 35 00 0
J1 2020 06 02 04 36 00 0
J1 2020 06 02 04 37 00 0
J1 2020 06 02 04 38 00 0
J1 2020 06 02 04 39 00 0
J1 2020 06 02 04 40 00 0
J1 2020 06 02 04 41 00 0
J1 2020 06 02 04 42 00 0
J1 2020 06 02 04 43 00 0
J1 2020 06 02 04 44 00 0
J1 2020 06 02 04 45 00 0
J1 2020 06 02 04 46 00 0
J1 2020 06 02 04 47 00 0
J1 2020 06 02 04 48 00 0
J1 2020 06 02 04 49 00 0
J1 2020 06 02 04 50 00 0
J1 2020 06 02 04 51 00 0
J1 2020 06 02 04 52 00 0
J1 2020 06 02 04 53 00 0
J1 2020 06 02 04 54 00 0
J1 2020 06 02 04 55 00 0
J1 2020 06 02 04 56 00 0
J1 2020 06 02 04 57 00 0
J1 2020 06 02 04 58 00 0
J1 2020 06 02 04 59 00 0
J1 2020 06 02 05 00 00 0
J1 2020 06 02 05 01 00 0
J1 2020 06 02 05 02 00 0
J1 2020 06 02 05 03 00 0
J1 2020 06 02 05 04 00 0
J1 2020 06 02 05 05 00 0
J1 2020 06 02 05 06 00 0
J1 2020 06 02 05 07 00 0
J1 2020 06 02 05 08 00 0
J1 2020 06 02 05 09 00 0
J1 2020 06 02 05 10 00 0
J1 2020 06 02 05 11 00 0
J1 2020 06 02 05 12 00 0
J1 2020 06 02 05 13 00 0
J1 2020 06 02 05 14 00 0
J1 2020 06 02 05 15 00 0
J1 2020 06 02 05 16 00 0
J1 2020 06 02 05 17 00 0
J1 2020 06 02 05 18 00 0
J1 2020 06 02 05 19 00 0
J1 2020 06 02 05 20 00 0
J1 2020 06 02 05 21 00 0
J1 2020 06 02 05 22 00 0
J1 2020 06 02 05 23 00 0
J1 2020 06 02 05 24 00 0
J1 2020 06 02 05 25 00 0
J1 2020 06 02 05 26 00 0
J1 2020 06 02 05 27 00 0
J1 2020 06 02 05 28 00 0
J1 2020 06 02 05 29 00 0
J1 2020 06 02 05 30 00 0
J1 2020 06 02 05 31 00 0
J1 2020 06 02 05 32 00 0
J1 2020 06 02 05 33 00 0
J1 2020 06 02 05 34 00 0
J1 2020 06 02 05 35 00 0
J1 2020 06 02 05 36 00 0
J1 2020 06 02 05 37 00 0
J1 2020 06 02 05 38 00 0
J1 2020 06 02 05 39 00 0
J1 2020 06 02 05 40 00 0
J1 2020 06 02 05 41 00 0
J1 2020 06 02 05 42 00 0
J1 2020 06 02 05 43 00 0
J1 2020 06 02 05 44 00 0
J1 2020 06 02 05 45 00 0
J1 2020 06 02 05 46 00 0
J1 2020 06 02 05 47 00 0
J1 2020 06 02 05 48 00 0
J1 2020 06 02 05 49 00 0
J1 2020 06 02 05 50 00 0
J1 2020 06 02 05 51 00 0
J1 2020 06 02 05 52 00 0
J1 2020 06 02 05 53 00 0
J1 2020 06 02 05 54 00 0
J1 2020 06 02 05 55 00 0
J1 2020 06 02 05 56 00 0
J1 2020 06 02 05 57 00 0
J1 2020 06 02 05 58 00 0
J1 2020 06 02 05 59 00 0
J1 2020 06 02 06 00 00 0
J1 2020 06 02 06 01 00 0
J1 2020 06 02 06 02 00 0
J1 2020 06 02 06 03 00 0
J1 2020 06 02 06 04 00 0
J1 2020 06 02 06 05 00 0
J1 2020 06 02 06 06 00 0
J1 2020 06 02 06 07 00 0
J1 2020 06 02 06 08 00 0
J1 2020 06 02 06 09 00 0
J1 2020 06 02 06 10 00 0
J1 2020 06 02 06 11 00 0
J1 2020 06 02 06 12 00 0
J1 2020 06 02 06 13 00 0
J1 2020 06 02 06 14 00 0
J1 2020 06 02 06 15 00 0
J1 2020 06 02 06 16 00 0
J1 2020 06 02 06 17 00 0
J1 2020 06 02 06 18 00 0
J1 2020 06 02 06 19 00 0
J1 2020 06 02 06 20 00 0
J1 2020 06 02 06 21 00 0
J1 2020 06 02 06 22 00 0
J1 2020 06 02 06 23 00 0
J1 2020 06 02 06 24 00 0
J1 2020 06 02 06 25 00 0
J1 2020 06 02 06 26 00 0
J1 2020 06 02 06 27 00 0
J1 2020 06 02 06 28 00 0
J1 2020 06 02 06 29 00 0
J1 2020 06 02 06 30 00 0
J1 2020 06 02 06 31 00 0
J1 2020 06 02 06 32 00 0
J1 2020 06 02 06 33 00 0
J1 2020 06 02 06 34 00 0
J1 2020 06 02 06 35 00 0
J1 2020 06 02 06 36 00 0
J1 2020 06 02 06 37 00 0
J1 2020 06 02 06 38 00 0
J1 2020 06 02 06 39 00 0
J1 2020 06 02 06 40 00 0
J1 2020 06 02 06 41 00 0
J1 2020 06 02 06 42 00 0
J1 2020 06 02 06 43 00 0
J1 2020 06 02 06 44 00 0
J1 2020 06 02 06 45 00 0
J1 2020 06 02 06 46 00 0
J1 2020 06 02 06 47 00 0
J1 2020 06 02 06 48 00 0
J1 2020 06 02 06 49 00 0
J1 2020 06 02 06 50 00 0
J1 2020 06 02 06 51 00 0
J1 2020 06 02 06 52 00 0
J1 2020 06 02 06 53 00 0
J1 2020 06 02 06 54 00 0
J1 2020 06 02 06 55 00 0
J1 2020 06 02 06 56 00 0
J1 2020 06 02 06 57 00 0
J1 2020 06 02 06 58 00 0
J1 2020 06 02 06 59 00 0
J1 2020 06 02 07 00 00 0
J1 2020 06 02 07 01 00 0
J1 2020 06 02 07 02 00 0
J1 2020 06 02 07 03 00 0
J1 2020 06 02 07 04 00 0
J1 2020 06 02 07 05 00 0
J1 2020 06 02 07 06 00 0
J1 2020 06 02 07 07 00 0
J1 2020 06 02 07 08 00 0
J1 2020 06 02 07 09 00 0
J1 2020 06 02 07 10 00 0
J1 2020 06 02 07 11 00 0
J1 2020 06 02 07 12 00 0
J1 2020 06 02 07 13 00 0
J1 2020 06 02 07 14 00 0
J1 2020 06 02 07 15 00 0
J1 2020 06 02 07 16 00 0
J1 2020 06 02 07 17 00 0
J1 2020 06 02 07 18 00 0
J1 2020 06 02 07 19 00 0
J1 2020 06 02 07 20 00 0
J1 2020 06 02 07 21 00 0
J1 2020 06 02 07 22 00 0
J1 2020 06 02 07 23 00 0
J1 2020 06 02 07 24 00 0
J1 2020 06 02 07 25 00 0
J1 2020 06 02 07 26 00 0
J1 2020 06 02 07 27 00 0
J1 2020 06 02 07 28 00 0
J1 2020 06 02 07 29 00 0
J1 2020 06 02 07 30 00 0
J1 2020 06 02 07 31 00 0
J1 2020 06 02 07 32 00 0
J1 2020 06 02 07 33 00 0
J1 2020 06 02 07 34 00 0
J1 2020 06 02 07 35 00 0
J1 2020 06 02 07 36 00 0
J1 2020 06 02 07 37 00 0
J1 2020 06 02 07 38 00 0
J1 2020 06 02 07 39 00 0
J1 2020 06 02 07 40 00 0
J1 2020 06 02 07 41 00 0
J1 2020 06 02 07 42 00 0
J1 2020 06 02 07 43 00 0
J1 2020 06 02 07 44 00 0
J1 2020 06 02 07 45 00 0
J1 2020 06 02 07 46 00 0
J1 2020 06 02 07 47 00 0
J1 2020 06 02 07 48 00 0
J1 2020 06 02 07 49 00 0
J1 2020 06 02 07 50 00 0
J1 2020 06 02 07 51 00 0
J1 2020 06 02 07 52 00 0
J1 2020 06 02 07 53 00 0
J1 2020 06 02 07 54 00 0
J1 2020 06 02 07 55 00 0
J1 2020 06 02 07 56 00 0
J1 2020 06 02 07 57 00 0
J1 2020 06 02 07 58 00 0
J1 2020 06 02 07 59 00 0
J1 2020 06 02 08 00 00 0
J1 2020 06 02 08 01 00 0
J1 2020 06 02 08 02 00 0
J1 2020 06 02 08 03 00 0
J1 2020 06 02 08 04 00 0
J1 2020 06 02 08 05 00 0
J1 2020 06 02 08 06 00 0
J1 2020 06 02 08 07 00 0
J1 2020 06 02 08 08 00 0
J1 2020 06 02 08 09 00 0
J1 2020 06 02 08 10 00 0
J1 2020 06 02 08 11 00 0
J1 2020 06 02 08 12 00 0
J1 2020 06 02 08 13 00 0
J1 2020 06 02 08 14 00 0
J1 2020 06 02 08 15 00 0
J1 2020 06 02 08 16 00 0
J1 2020 06 02 08 17 00 0
J1 2020 06 02 08 18 00 0
J1 2020 06 02 08 19 00 0
J1 2020 06 02 08 20 00 0
J1 2020 06 02 08 21 00 0
J1 2020 06 02 08 22 00 0
J1 2020 06 02 08 23 00 0
J1 2020 06 02 08 24 00 0
J1 2020 06 02 08 25 00 0
J1 2020 06 02 08 26 00 0
J1 2020 06 02 08 27 00 0
J1 2020 06 02 08 28 00 0
J1 2020 06 02 08 29 00 0
J1 2020 06 02 08 30 00 0
J1 2020 06 02 08 31 00 0
J1 2020 06 02 08 32 00 0
J1 2020 06 02 08 33 00 0
J1 2020 06 02 08 34 00 0
J1 2020 06 02 08 35 00 0
J1 2020 06 02 08 36 00 0
J1 2020 06 02 08 37 00 0
J1 2020 06 02 08 38 00 0
J1 2020 06 02 08 39 00 0
J1 2020 06 02 08 40 00 0
J1 2020 06 02 08 41 00 0
J1 2020 06 02 08 42 00 0
J1 2020 06 02 08 43 00 0
J1 2020 06 02 08 44 00 0
J1 2020 06 02 08 45 00 0
J1 2020 06 02 08 46 00 0
J1 2020 06 02 08 47 00 0
J1 2020 06 02 08 48 00 0
J1 2020 06 02 08 49 00 0
J1 2020 06 02 08 50 00 0
J1 2020 06 02 08 51 00 0
J1 2020 06 02 08 52 00 0
J1 2020 06 02 08 53 00 0
J1 2020 06 02 08 54 00 0
J1 2020 06 02 08 55 00 0
J1 2020 06 02 08 56 00 0
J1 2020 06 02 08 57 00 0
J1 2020 06 02 08 58 00 0
J1 2020 06 02 08 59 00 0
J1 2020 06 02 09 00 00 0
J1 2020 06 02 09 01 00 0
J1 2020 06 02 09 02 00 0
J1 2020 06 02 09 03 00 0
J1 2020 06 02 09 04 00 0
J1 2020 06 02 09 05 00 0
J1 2020 06 02 09 06 00 0
J1 2020 06 02 09 07 00 0
J1 2020 06 02 09 08 00 0
J1 2020 06 02 09 09 00 0
J1 2020 06 02 09 10 00 0
J1 2020 06 02 09 11 00 0
J1 2020 06 02 09 12 00 0
J1 2020 06 02 09 13 00 0
J1 2020 06 02 09 14 00 0
J1 2020 06 02 09 15 00 0
J1 2020 06 02 09 16 00 0
J1 2020 06 02 09 17 00 0
J1 2020 06 02 09 18 00 0
J1 2020 06 02 09 19 00 0
J1 2020 06 02 09 20 00 0
J1 2020 06 02 09 21 00 0
J1 2020 06 02 09 22 00 0
J1 2020 06 02 09 23 00 0
J1 2020 06 02 09 24 00 0
J1 2020 06 02 09 25 00 0
J1 2020 06 02 09 26 00 0
J1 2020 06 02 09 27 00 0
J1 2020 06 02 09 28 00 0
J1 2020 06 02 09 29 00 0
J1 2020 06 02 09 30 00 0
J1 2020 06 02 09 31 00 0
J1 2020 06 02 09 32 00 0
J1 2020 06 02 09 33 00 0
J1 2020 06 02 09 34 00 0
J1 2020 06 02 09 35 00 0
J1 2020 06 02 09 36 00 0
J1 2020 06 02 09 37 00 0
J1 2020 06 02 09 38 00 0
J1 2020 06 02 09 39 00 0
J1 2020 06 02 09 40 00 0
J1 2020 06 02 09 41 00 0
J1 2020 06 02 09 42 00 0
J1 2020 06 02 09 43 00 0
J1 2020 06 02 09 44 00 0
J1 2020 06 02 09 45 00 0
J1 2020 06 02 09 46 00 0
J1 2020 06 02 09 47 00 0
J1 2020 06 02 09 48 00 0
J1 2020 06 02 09 49 00 0
J1 2020 06 02 09 50 00 0
J1 2020 06 02 09 51 00 0
J1 2020 06 02 09 52 00 0
J1 2020 06 02 09 53 00 0
J1 2020 06 02 09 54 00 0
J1 2020 06 02 09 55 00 0
J1 2020 06 02 09 56 00 0
J1 2020 06 02 09 57 00 0
J1 2020 06 02 09 58 00 0
J1 2020 06 02 09 59 00 0
J1 2020 06 02 10 00 00 0
J1 2020 06 02 10 01 00 0
J1 2020 06 02 10 02 00 0
J1 2020 06 02 10 03 00 0
J1 2020 06 02 10 04 00 0
J1 2020 06 02 10 05 00 0
J1 2020 06 02 10 06 00 0
J1 2020 06 02 10 07 00 0
J1 2020 06 02 10 08 00 0
J1 2020 06 02 10 09 00 0
J1 2020 06 02 10 10 00 0
J1 2020 06 02 10 11 00 0
J1 2020 06 02 10 12 00 0
J1 2020 06 02 10 13 00 0
J1 2020 06 02 10 14 00 0
J1 2020 06 02 10 15 00 0
J1 2020 06 02 10 16 00 0
J1 2020 06 02 10 17 00 0
J1 2020 06 02 10 18 00 0
J1 2020 06 02 10 19 00 0
J1 2020 06 02 10 20 00 0
J1 2020 06 02 10 21 00 0
J1 2020 06 02 10 22 00 0
J1 2020 06 02 10 23 00 0
J1 2020 06 02 10 24 00 0
J1 2020 06 02 10 25 00 0
J1 2020 06 02 10 26 00 0
J1 2020 06 02 10 27 00 0
J1 2020 06 02 10 28 00 0
J1 2020 06 02 10 29 00 0
J1 2020 06 02 10 30 00 0
J1 2020 06 02 10 31 00 0
J1 2020 06 02 10 32 00 0
J1 2020 06 02 10 33 00 0
J1 2020 06 02 10 34 00 0
J1 2020 06 02 10 35 00 0
J1 2020 06 02 10 36 00 0
J1 2020 06 02 10 37 00 0
J1 2020 06 02 10 38 00 0
J1 2020 06 02 10 39 00 0
J1 2020 06 02 10 40 00 0
J1 2020 06 02 10 41 00 0
J1 2020 06 02 10 42 00 0
J1 2020 06 02 10 43 00 0
J1 2020 06 02 10 44 00 0
J1 2020 06 02 10 45 00 0
J1 2020 06 02 10 46 00 0
J1 2020 06 02 10 47 00 0
J1 2020 06 02 10 48 00 0
J1 2020 06 02 10 49 00 0
J1 2020 06 02 10 50 00 0
J1 2020 06 02 10 51 00 0
J1 2020 06 02 10 52 00 0
J1 2020 06 02 10 53 00 0
J1 2020 06 02 10 54 00 0
J1 2020 06 02 10 55 00 0
J1 2020 06 02 10 56 00 0
J1 2020 06 02 10 57 00 0
J1 2020 06 02 10 58 00 0
J1 2020 06 02 10 59 00 0
J1 2020 06 02 11 00 00 0
J1 2020 06 02 11 01 00 0
J1 2020 06 02 11 02 00 0
J1 2020 06 02 11 03 00 0
J1 2020 06 02 11 04 00 0
J1 2020 06 02 11 05 00 0
J1 2020 06 02 11 06 00 0
J1 2020 06 02 11 07 00 0
J1 2020 06 02 11 08 00 0
J1 2020 06 02 11 09 00 0
J1 2020 06 02 11 10 00 0
J1 2020 06 02 11 11 00 0
J1 2020 06 02 11 12 00 0
J1 2020 06 02 11 13 00 0
J1 2020 06 02 11 14 00 0
J1 2020 06 02 11 15 00 0
J1 2020 06 02 11 16 00 0
J1 2020 06 02 11 17 00 0
J1 2020 06 02 11 18 00 0
J1 2020 06 02 11 19 00 0
J1 2020 06 02 11 20 00 0
J1 2020 06 02 11 21 00 0
J1 2020 06 02 11 22 00 0
J1 2020 06 02 11 23 00 0
J1 2020 06 02 11 24 00 0
J1 2020 06 02 11 25 00 0
J1 2020 06 02 11 26 00 0
J1 2020 06 02 11 27 00 0
J1 2020 06 02 11 28 00 0
J1 2020 06 02 11 29 00 0
J1 2020 06 02 11 30 00 0
J1 2020 06 02 11 31 00 0
J1 2020 06 02 11 32 00 0
J1 2020 06 02 11 33 00 0
J1 2020 06 02 11 34 00 0
J1 2020 06 02 11 35 00 0
J1 2020 06 02 11 36 00 0
J1 2020 06 02 11 37 00 0
J1 2020 06 02 11 38 00 0
J1 2020 06 02 11 39 00 0
J1 2020 06 02 11 40 00 0
J1 2020 06 02 11 41 00 0
J1 2020 06 02 11 42 00 0
J1 2020 06 02 11 43 00 0
J1 2020 06 02 11 44 00 0
J1 2020 06 02 11 45 00 0
J1 2020 06 02 11 46 00 0
J1 2020 06 02 11 47 00 0
J1 2020 06 02 11 48 00 0
J1 2020 06 02 11 49 00 0
J1 2020 06 02 11 50 00 0
J1 2020 06 02 11 51 00 0
J1 2020 06 02 11 52 00 0
J1 2020 06 02 11 53 00 0
J1 2020 06 02 11 54 00 0
J1 2020 06 02 11 55 00 0
J1 2020 06 02 11 56 00 0
J1 2020 06 02 11 57 00 0
J1 2020 06 02 11 58 00 0
J1 2020 06 02 11 59 00 0
J1 2020 06 02 12 00 00 0
J1 2020 06 02 12 01 00 0
J1 2020 06 02 12 02 00 0
J1 2020 06 02 12 03 00 0
J1 2020 06 02 12 04 00 0
J1 2020 06 02 12 05 00 0
J1 2020 06 02 12 06 00 0
J1 2020 06 02 12 07 00 0
J1 2020 06 02 12 08 00 0
J1 2020 06 02 12 09 00 0
J1 2020 06 02 12 10 00 0
J1 2020 06 02 12 11 00 0
J1 2020 06 02 12 12 00 0
J1 2020 06 02 12 13 00 0
J1 2020 06 02 12 14 00 0
J1 2020 06 02 12 15 00 0
J1 2020 06 02 12 16 00 0
J1 2020 06 02 12 17 00 0
J1 2020 06 02 12 18 00 0
J1 2020 06 02 12 19 00 0
J1 2020 06 02 12 20 00 0
J1 2020 06 02 12 21 00 0
J1 2020 06 02 12 22 00 0
J1 2020 06 02 12 23 00 0
J1 2020 06 02 12 24 00 0
J1 2020 06 02 12 25 00 0
J1 2020 06 02 12 26 00 0
J1 2020 06 02 12 27 00 0
J1 2020 06 02 12 28 00 0
J1 2020 06 02 12 29 00 0
J1 2020 06 02 12 30 00 0
J1 2020 06 02 12 31 00 0
J1 2020 06 02 12 32 00 0
J1 2020 06 02 12 33 00 0
J1 2020 06 02 12 34 00 0
J1 2020 06 02 12 35 00 0
J1 2020 06 02 12 36 00 0
J1 2020 06 02 12 37 00 0
J1 2020 06 02 12 38 00 0
J1 2020 06 02 12 39 00 0
J1 2020 06 02 12 40 00 0
J1 2020 06 02 12 41 00 0
J1 2020 06 02 12 42 00 0
J1 2020 06 02 12 43 00 0
J1 2020 06 02 12 44 00 0
J1 2020 06 02 12 45 00 0
J1 2020 06 02 12 46 00 0
J1 2020 06 02 12 47 00 0
J1 2020 06 02 12 48 00 0
J1 2020 06 02 12 49 00 0
J1 2020 06 02 12 50 00 0
J1 2020 06 02 12 51 00 0
J1 2020 06 02 12 52 00 0
J1 2020 06 02 12 53 00 0
J1 2020 06 02 12 54 00 0
J1 2020 06 02 12 55 00 0
J1 2020 06 02 12 56 00 0
J1 2020 06 02 12 57 00 0
J1 2020 06 02 12 58 00 0
J1 2020 06 02 12 59 00 0
J1 2020 06 02 13 00 00 0
J1 2020 06 02 13 01 00 0
J1 2020 06 02 13 02 00 0
J1 2020 06 02 13 03 00 0
J1 2020 06 02 13 04 00 0
J1 2020 06 02 13 05 00 0
J1 2020 06 02 13 06 00 0
J1 2020 06 02 13 07 00 0
J1 2020 06 02 13 08 00 0
J1 2020 06 02 13 09 00 0
J1 2020 06 02 13 10 00 0
J1 2020 06 02 13 11 00 0
J1 2020 06 02 13 12 00 0
J1 2020 06 02 13 13 00 0
J1 2020 06 02 13 14 00 0
J1 2020 06 02 13 15 00 0
J1 2020 06 02 13 16 00 0
J1 2020 06 02 13 17 00 0
J1 2020 06 02 13 18 00 0
J1 2020 06 02 13 19 00 0
J1 2020 06 02 13 20 00 0
J1 2020 06 02 13 21 00 0
J1 2020 06 02 13 22 00 0
J1 2020 06 02 13 23 00 0
J1 2020 06 02 13 24 00 0
J1 2020 06 02 13 25 00 0
J1 2020 06 02 13 26 00 0
J1 2020 06 02 13 27 00 0
J1 2020 06 02 13 28 00 0
J1 2020 06 02 13 29 00 0
J1 2020 06 02 13 30 00 0
J1 2020 06 02 13 31 00 0
J1 2020 06 02 13 32 00 0
J1 2020 06 02 13 33 00 0
J1 2020 06 02 13 34 00 0
J1 2020 06 02 13 35 00 0
J1 2020 06 02 13 36 00 0
J1 2020 06 02 13 37 00 0
J1 2020 06 02 13 38 00 0
J1 2020 06 02 13 39 00 0
J1 2020 06 02 13 40 00 0
J1 2020 06 02 13 41 00 0
J1 2020 06 02 13 42 00 0
J1 2020 06 02 13 43 00 0
J1 2020 06 02 13 44 00 0
J1 2020 06 02 13 45 00 0
J1 2020 06 02 13 46 00 0
J1 2020 06 02 13 47 00 0
J1 2020 06 02 13 48 00 0
J1 2020 06 02 13 49 00 0
J1 2020 06 02 13 50 00 0
J1 2020 06 02 13 51 00 0
J1 2020 06 02 13 52 00 0
J1 2020 06 02 13 53 00 0
J1 2020 06 02 13 54 00 0
J1 2020 06 02 13 55 00 0
J1 2020 06 02 13 56 00 0
J1 2020 06 02 13 57 00 0
J1 2020 06 02 13 58 00 0
J1 2020 06 02 13 59 00 0
J1 2020 06 02 14 00 00 0
J1 2020 06 02 14 01 00 0
J1 2020 06 02 14 02 00 0
J1 2020 06 02 14 03 00 0
J1 2020 06 02 14 04 00 0
J1 2020 06 02 14 05 00 0
J1 2020 06 02 14 06 00 0
J1 2020 06 02 14 07 00 0
J1 2020 06 02 14 08 00 0
J1 2020 06 02 14 09 00 0
J1 2020 06 02 14 10 00 0
J1 2020 06 02 14 11 00 0
J1 2020 06 02 14 12 00 0
J1 2020 06 02 14 13 00 0
J1 2020 06 02 14 14 00 0
J1 2020 06 02 14 15 00 0
J1 2020 06 02 14 16 00 0
J1 2020 06 02 14 17 00 0
J1 2020 06 02 14 18 00 0
J1 2020 06 02 14 19 00 0
J1 2020 06 02 14 20 00 0
J1 2020 06 02 14 21 00 0
J1 2020 06 02 14 22 00 0
J1 2020 06 02 14 23 00 0
J1 2020 06 02 14 24 00 0
J1 2020 06 02 14 25 00 0
J1 2020 06 02 14 26 00 0
J1 2020 06 02 14 27 00 0
J1 2020 06 02 14 28 00 0
J1 2020 06 02 14 29 00 0
J1 2020 06 02 14 30 00 0
J1 2020 06 02 14 31 00 0
J1 2020 06 02 14 32 00 0
J1 2020 06 02 14 33 00 0
J1 2020 06 02 14 34 00 0
J1 2020 06 02 14 35 00 0
J1 2020 06 02 14 36 00 0
J1 2020 06 02 14 37 00 0
J1 2020 06 02 14 38 00 0
J1 2020 06 02 14 39 00 0
J1 2020 06 02 14 40 00 0
J1 2020 06 02 14 41 00 0
J1 2020 06 02 14 42 00 0
J1 2020 06 02 14 43 00 0
J1 2020 06 02 14 44 00 0
J1 2020 06 02 14 45 00 0
J1 2020 06 02 14 46 00 0
J1 2020 06 02 14 47 00 0
J1 2020 06 02 14 48 00 0
J1 2020 06 02 14 49 00 0
J1 2020 06 02 14 50 00 0
J1 2020 06 02 14 51 00 0
J1 2020 06 02 14 52 00 0
J1 2020 06 02 14 53 00 0
J1 2020 06 02 14 54 00 0
J1 2020 06 02 14 55 00 0
J1 2020 06 02 14 56 00 0
J1 2020 06 02 14 57 00 0
J1 2020 06 02 14 58 00 0
J1 2020 06 02 14 59 00 0
J1 2020 06 02 15 00 00 0
J1 2020 06 02 15 01 00 0
J1 2020 06 02 15 02 00 0
J1 2020 06 02 15 03 00 0
J1 2020 06 02 15 04 00 0
J1 2020 06 02 15 05 00 0
J1 2020 06 02 15 06 00 0
J1 2020 06 02 15 07 00 0
J1 2020 06 02 15 08 00 0
J1 2020 06 02 15 09 00 0
J1 2020 06 02 15 10 00 0
J1 2020 06 02 15 11 00 0
J1 2020 06 02 15 12 00 0
J1 2020 06 02 15 13 00 0
J1 2020 06 02 15 14 00 0
J1 2020 06 02 15 15 00 0
J1 2020 06 02 15 16 00 0
J1 2020 06 02 15 17 00 0
J1 2020 06 02 15 18 00 0
J1 2020 06 02 15 19 00 0
J1 2020 06 02 15 20 00 0
J1 2020 06 02 15 21 00 0
J1 2020 06 02 15 22 00 0
J1 2020 06 02 15 23 00 0
J1 2020 06 02 15 24 00 0
J1 2020 06 02 15 25 00 0
J1 2020 06 02 15 26 00 0
J1 2020 06 02 15 27 00 0
J1 2020 06 02 15 28 00 0
J1 2020 06 02 15 29 00 0
J1 2020 06 02 15 30 00 0
J1 2020 06 02 15 31 00 0
J1 2020 06 02 15 32 00 0
J1 2020 06 02 15 33 00 0
J1 2020 06 02 15 34 00 0
J1 2020 06 02 15 35 00 0
J1 2020 06 02 15 36 00 0
J1 2020 06 02 15 37 00 0
J1 2020 06 02 15 38 00 0
J1 2020 06 02 15 39 00 0
J1 2020 06 02 15 40 00 0
J1 2020 06 02 15 41 00 0
J1 2020 06 02 15 42 00 0
J1 2020 06 02 15 43 00 0
J1 2020 06 02 15 44 00 0
J1 2020 06 02 15 45 00 0
J1 2020 06 02 15 46 00 0
J1 2020 06 02 15 47 00 0
J1 2020 06 02 15 48 00 0
J1 2020 06 02 15 49 00 0
J1 2020 06 02 15 50 00 0
J1 2020 06 02 15 51 00 0
J1 2020 06 02 15 52 00 0
J1 2020 06 02 15 53 00 0
J1 2020 06 02 15 54 00 0
J1 2020 06 02 15 55 00 0
J1 2020 06 02 15 56 00 0
J1 2020 06 02 15 57 00 0
J1 2020 06 02 15 58 00 0
J1 2020 06 02 15 59 00 0
J1 2020 06 02 16 00 00 0
J1 2020 06 02 16 01 00 0
J1 2020 06 02 16 02 00 0
J1 2020 06 02 16 03 00 0
J1 2020 06 02 16 04 00 0
J1 2020 06 02 16 05 00 0
J1 2020 06 02 16 06 00 0
J1 2020 06 02 16 07 00 0
J1 2020 06 02 16 08 00 0
J1 2020 06 02 16 09 00 0
J1 2020 06 02 16 10 00 0
J1 2020 06 02 16 11 00 0
J1 2020 06 02 16 12 00 0
J1 2020 06 02 16 13 00 0
J1 2020 06 02 16 14 00 0
J1 2020 06 02 16 15 00 0
J1 2020 06 02 16 16 00 0
J1 2020 06 02 16 17 00 0
J1 2020 06 02 16 18 00 0
J1 2020 06 02 16 19 00 0
J1 2020 06 02 16 20 00 0
J1 2020 06 02 16 21 00 0
J1 2020 06 02 16 22 00 0
J1 2020 06 02 16 23 00 0
J1 2020 06 02 16 24 00 0
J1 2020 06 02 16 25 00 0
J1 2020 06 02 16 26 00 0
J1 2020 06 02 16 27 00 0
J1 2020 06 02 16 28 00 0
J1 2020 06 02 16 29 00 0
J1 2020 06 02 16 30 00 0
J1 2020 06 02 16 31 00 0
J1 2020 06 02 16 32 00 0
J1 2020 06 02 16 33 00 0
J1 2020 06 02 16 34 00 0
J1 2020 06 02 16 35 00 0
J1 2020 06 02 16 36 00 0
J1 2020 06 02 16 37 00 0
J1 2020 06 02 16 38 00 0
J1 2020 06 02 16 39 00 0
J1 2020 06 02 16 40 00 0
J1 2020 06 02 16 41 00 0
J1 2020 06 02 16 42 00 0
J1 2020 06 02 16 43 00 0
J1 2020 06 02 16 44 00 0
J1 2020 06 02 16 45 00 0
J1 2020 06 02 16 46 00 0
J1 2020 06 02 16 47 00 0
J1 2020 06 02 16 48 00 0
J1 2020 06 02 16 49 00 0
J1 2020 06 02 16 50 00 0
J1 2020 06 02 16 51 00 0
J1 2020 06 02 16 52 00 0
J1 2020 06 02 16 53 00 0
J1 2020 06 02 16 54 00 0
J1 2020 06 02 16 55 00 0
J1 2020 06 02 16 56 00 0
J1 2020 06 02 16 57 00 0
J1 2020 06 02 16 58 00 0
J1 2020 06 02 16 59 00 0
J1 2020 06 02 17 00 00 0
J1 2020 06 02 17 01 00 0
J1 2020 06 02 17 02 00 0
J1 2020 06 02 17 03 00 0
J1 2020 06 02 17 04 00 0
J1 2020 06 02 17 05 00 0
J1 2020 06 02 17 06 00 0
J1 2020 06 02 17 07 00 0
J1 2020 06 02 17 08 00 0
J1 2020 06 02 17 09 00 0
J1 2020 06 02 17 10 00 0
J1 2020 06 02 17 11 00 0
J1 2020 06 02 17 12 00 0
J1 2020 06 02 17 13 00 0
J1 2020 06 02 17 14 00 0
J1 2020 06 02 17 15 00 0
J1 2020 06 02 17 16 00 0
J1 2020 06 02 17 17 00 0
J1 2020 06 02 17 18 00 0
J1 2020 06 02 17 19 00 0
J1 2020 06 02 17 20 00 0
J1 2020 06 02 17 21 00 0
J1 2020 06 02 17 22 00 0
J1 2020 06 02 17 23 00 0
J1 2020 06 02 17 24 00 0
J1 2020 06 02 17 25 00 0
J1 2020 06 02 17 26 00 0
J1 2020 06 02 17 27 00 0
J1 2020 06 02 17 28 00 0
J1 2020 06 02 17 29 00 0
J1 2020 06 02 17 30 00 0
J1 2020 06 02 17 31 00 0
J1 2020 06 02 17 32 00 0
J1 2020 06 02 17 33 00 0
J1 2020 06 02 17 34 00 0
J1 2020 06 02 17 35 00 0
J1 2020 06 02 17 36 00 0
J1 2020 06 02 17 37 00 0
J1 2020 06 02 17 38 00 0
J1 2020 06 02 17 39 00 0
J1 2020 06 02 17 40 00 0
J1 2020 06 02 17 41 00 0
J1 2020 06 02 17 42 00 0
J1 2020 06 02 17 43 00 0
J1 2020 06 02 17 44 00 0
J1 2020 06 02 17 45 00 0
J1 2020 06 02 17 46 00 0
J1 2020 06 02 17 47 00 0
J1 2020 06 02 17 48 00 0
J1 2020 06 02 17 49 00 0
J1 2020 06 02 17 50 00 0
J1 2020 06 02 17 51 00 0
J1 2020 06 02 17 52 00 0
J1 2020 06 02 17 53 00 0
J1 2020 06 02 17 54 00 0
J1 2020 06 02 17 55 00 0
J1 2020 06 02 17 56 00 0
J1 2020 06 02 17 57 00 0
J1 2020 06 02 17 58 00 0
J1 2020 06 02 17 59 00 0
J1 2020 06 02 18 00 00 0
J1 2020 06 02 18 01 00 0
J1 2020 06 02 18 02 00 0
J1 2020 06 02 18 03 00 0
J1 2020 06 02 18 04 00 0
J1 2020 06 02 18 05 00 0
J1 2020 06 02 18 06 00 0
J1 2020 06 02 18 07 00 0
J1 2020 06 02 18 08 00 0
J1 2020 06 02 18 09 00 0
J1 2020 06 02 18 10 00 0
J1 2020 06 02 18 11 00 0
J1 2020 06 02 18 12 00 0
J1 2020 06 02 18 13 00 0
J1 2020 06 02 18 14 00 0
J1 2020 06 02 18 15 00 0
J1 2020 06 02 18 16 00 0
J1 2020 06 02 18 17 00 0
J1 2020 06 02 18 18 00 0
J1 2020 06 02 18 19 00 0
J1 2020 06 02 18 20 00 0
J1 2020 06 02 18 21 00 0
J1 2020 06 02 18 22 00 0
J1 2020 06 02 18 23 00 0
J1 2020 06 02 18 24 00 0
J1 2020 06 02 18 25 00 0
J1 2020 06 02 18 26 00 0
J1 2020 06 02 18 27 00 0
J1 2020 06 02 18 28 00 0
J1 2020 06 02 18 29 00 0
J1 2020 06 02 18 30 00 0
J1 2020 06 02 18 31 00 0
J1 2020 06 02 18 32 00 0
J1 2020 06 02 18 33 00 0
J1 2020 06 02 18 34 00 0
J1 2020 06 02 18 35 00 0
J1 2020 06 02 18 36 00 0
J1 2020 06 02 18 37 00 0
J1 2020 06 02 18 38 00 0
J1 2020 06 02 18 39 00 0
J1 2020 06 02 18 40 00 0
J1 2020 06 02 18 41 00 0
J1 2020 06 02 18 42 00 0
J1 2020 06 02 18 43 00 0
J1 2020 06 02 18 44 00 0
J1 2020 06 02 18 45 00 0
J1 2020 06 02 18 46 00 0
J1 2020 06 02 18 47 00 0
J1 2020 06 02 18 48 00 0
J1 2020 06 02 18 49 00 0
J1 2020 06 02 18 50 00 0
J1 2020 06 02 18 51 00 0
J1 2020 06 02 18 52 00 0
J1 2020 06 02 18 53 00 0
J1 2020 06 02 18 54 00 0
J1 2020 06 02 18 55 00 0
J1 2020 06 02 18 56 00 0
J1 2020 06 02 18 57 00 0
J1 2020 06 02 18 58 00 0
J1 2020 06 02 18 59 00 0
J1 2020 06 02 19 00 00 0
J1 2020 06 02 19 01 00 0
J1 2020 06 02 19 02 00 0
J1 2020 06 02 19 03 00 0
J1 2020 06 02 19 04 00 0
J1 2020 06 02 19 05 00 0
J1 2020 06 02 19 06 00 0
J1 2020 06 02 19 07 00 0
J1 2020 06 02 19 08 00 0
J1 2020 06 02 19 09 00 0
J1 2020 06 02 19 10 00 0
J1 2020 06 02 19 11 00 0
J1 2020 06 02 19 12 00 0
J1 2020 06 02 19 13 00 0
J1 2020 06 02 19 14 00 0
J1 2020 06 02 19 15 00 0
J1 2020 06 02 19 16 00 0
J1 2020 06 02 19 17 00 0
J1 2020 06 02 19 18 00 0
J1 2020 06 02 19 19 00 0
J1 2020 06 02 19 20 00 0
J1 2020 06 02 19 21 00 0
J1 2020 06 02 19 22 00 0
J1 2020 06 02 19 23 00 0
J1 2020 06 02 19 24 00 0
J1 2020 06 02 19 25 00 0
J1 2020 06 02 19 26 00 0
J1 2020 06 02 19 27 00 0
J1 2020 06 02 19 28 00 0
J1 2020 06 02 19 29 00 0
J1 2020 06 02 19 30 00 0
J1 2020 06 02 19 31 00 0
J1 2020 06 02 19 32 00 0
J1 2020 06 02 19 33 00 0
J1 2020 06 02 19 34 00 0
J1 2020 06 02 19 35 00 0
J1 2020 06 02 19 36 00 0
J1 2020 06 02 19 37 00 0
J1 2020 06 02 19 38 00 0
J1 2020 06 02 19 39 00 0
J1 2020 06 02 19 40 00 0
J1 2020 06 02 19 41 00 0
J1 2020 06 02 19 42 00 0
J1 2020 06 02 19 43 00 0
J1 2020 06 02 19 44 00 0
J1 2020 06 02 19 45 00 0
J1 2020 06 02 19 46 00 0
J1 2020 06 02 19 47 00 0
J1 2020 06 02 19 48 00 0
J1 2020 06 02 19 49 00 0
J1 2020 06 02 19 50 00 0
J1 2020 06 02 19 51 00 0
J1 2020 06 02 19 52 00 0
J1 2020 06 02 19 53 00 0
J1 2020 06 02 19 54 00 0
J1 2020 06 02 19 55 00 0
J1 2020 06 02 19 56 00 0
J1 2020 06 02 19 57 00 0
J1 2020 06 02 19 58 00 0
J1 2020 06 02 19 59 00 0
J1 2020 06 02 20 00 00 0
J1 2020 06 02 20 01 00 0
J1 2020 06 02 20 02 00 0
J1 2020 06 02 20 03 00 0
J1 2020 06 02 20 04 00 0
J1 2020 06 02 20 05 00 0
J1 2020 06 02 20 06 00 0
J1 2020 06 02 20 07 00 0
J1 2020 06 02 20 08 00 0
J1 2020 06 02 20 09 00 0
J1 2020 06 02 20 10 00 0
J1 2020 06 02 20 11 00 0
J1 2020 06 02 20 12 00 0
J1 2020 06 02 20 13 00 0
J1 2020 06 02 20 14 00 0
J1 2020 06 02 20 15 00 0
J1 2020 06 02 20 16 00 0
J1 2020 06 02 20 17 00 0
J1 2020 06 02 20 18 00 0
J1 2020 06 02 20 19 00 0
J1 2020 06 02 20 20 00 0
J1 2020 06 02 20 21 00 0
J1 2020 06 02 20 22 00 0
J1 2020 06 02 20 23 00 0
J1 2020 06 02 20 24 00 0
J1 2020 06 02 20 25 00 0
J1 2020 06 02 20 26 00 0
J1 2020 06 02 20 27 00 0
J1 2020 06 02 20 28 00 0
J1 2020 06 02 20 29 00 0
J1 2020 06 02 20 30 00 0
J1 2020 06 02 20 31 00 0
J1 2020 06 02 20 32 00 0
J1 2020 06 02 20 33 00 0
J1 2020 06 02 20 34 00 0
J1 2020 06 02 20 35 00 0
J1 2020 06 02 20 36 00 0
J1 2020 06 02 20 37 00 0
J1 2020 06 02 20 38 00 0
J1 2020 06 02 20 39 00 0
J1 2020 06 02 20 40 00 0
J1 2020 06 02 20 41 00 0
J1 2020 06 02 20 42 00 0
J1 2020 06 02 20 43 00 0
J1 2020 06 02 20 44 00 0
J1 2020 06 02 20 45 00 0
J1 2020 06 02 20 46 00 0
J1 2020 06 02 20 47 00 0
J1 2020 06 02 20 48 00 0
J1 2020 06 02 20 49 00 0
J1 2020 06 02 20 50 00 0
J1 2020 06 02 20 51 00 0
J1 2020 06 02 20 52 00 0
J1 2020 06 02 20 53 00 0
J1 2020 06 02 20 54 00 0
J1 2020 06 02 20 55 00 0
J1 2020 06 02 20 56 00 0
J1 2020 06 02 20 57 00 0
J1 2020 06 02 20 58 00 0
J1 2020 06 02 20 59 00 0
J1 2020 06 02 21 00 00 0
J1 2020 06 02 21 01 00 0
J1 2020 06 02 21 02 00 0
J1 2020 06 02 21 03 00 0
J1 2020 06 02 21 04 00 0
J1 2020 06 02 21 05 00 0
J1 2020 06 02 21 06 00 0
J1 2020 06 02 21 07 00 0
J1 2020 06 02 21 08 00 0
J1 2020 06 02 21 09 00 0
J1 2020 06 02 21 10 00 0
J1 2020 06 02 21 11 00 0
J1 2020 06 02 21 12 00 0
J1 2020 06 02 21 13 00 0
J1 2020 06 02 21 14 00 0
J1 2020 06 02 21 15 00 0
J1 2020 06 02 21 16 00 0
J1 2020 06 02 21 17 00 0
J1 2020 06 02 21 18 00 0
J1 2020 06 02 21 19 00 0
J1 2020 06 02 21 20 00 0
J1 2020 06 02 21 21 00 0
J1 2020 06 02 21 22 00 0
J1 2020 06 02 21 23 00 0
J1 2020 06 02 21 24 00 0
J1 2020 06 02 21 25 00 0
J1 2020 06 02 21 26 00 0
J1 2020 06 02 21 27 00 0
J1 2020 06 02 21 28 00 0
J1 2020 06 02 21 29 00 0
J1 2020 06 02 21 30 00 0
J1 2020 06 02 21 31 00 0
J1 2020 06 02 21 32 00 0
J1 2020 06 02 21 33 00 0
J1 2020 06 02 21 34 00 0
J1 2020 06 02 21 35 00 0
J1 2020 06 02 21 36 00 0
J1 2020 06 02 21 37 00 0
J1 2020 06 02 21 38 00 0
J1 2020 06 02 21 39 00 0
J1 2020 06 02 21 40 00 0
J1 2020 06 02 21 41 00 0
J1 2020 06 02 21 42 00 0
J1 2020 06 02 21 43 00 0
J1 2020 06 02 21 44 00 0
J1 2020 06 02 21 45 00 0
J1 2020 06 02 21 46 00 0
J1 2020 06 02 21 47 00 0
J1 2020 06 02 21 48 00 0
J1 2020 06 02 21 49 00 0
J1 2020 06 02 21 50 00 0
J1 2020 06 02 21 51 00 0
J1 2020 06 02 21 52 00 0
J1 2020 06 02 21 53 00 0
J1 2020 06 02 21 54 00 0
J1 2020 06 02 21 55 00 0
J1 2020 06 02 21 56 00 0
J1 2020 06 02 21 57 00 0
J1 2020 06 02 21 58 00 0
J1 2020 06 02 21 59 00 0
J1 2020 06 02 22 00 00 0
J1 2020 06 02 22 01 00 0
J1 2020 06 02 22 02 00 0
J1 2020 06 02 22 03 00 0
J1 2020 06 02 22 04 00 0
J1 2020 06 02 22 05 00 0
J1 2020 06 02 22 06 00 0
J1 2020 06 02 22 07 00 0
J1 2020 06 02 22 08 00 0
J1 2020 06 02 22 09 00 0
J1 2020 06 02 22 10 00 0
J1 2020 06 02 22 11 00 0
J1 2020 06 02 22 12 00 0
J1 2020 06 02 22 13 00 0
J1 2020 06 02 22 14 00 0
J1 2020 06 02 22 15 00 0
J1 2020 06 02 22 16 00 0
J1 2020 06 02 22 17 00 0
J1 2020 06 02 22 18 00 0
J1 2020 06 02 22 19 00 0
J1 2020 06 02 22 20 00 0
J1 2020 06 02 22 21 00 0
J1 2020 06 02 22 22 00 0
J1 2020 06 02 22 23 00 0
J1 2020 06 02 22 24 00 0
J1 2020 06 02 22 25 00 0
J1 2020 06 02 22 26 00 0
J1 2020 06 02 22 27 00 0
J1 2020 06 02 22 28 00 0
J1 2020 06 02 22 29 00 0
J1 2020 06 02 22 30 00 0
J1 2020 06 02 22 31 00 0
J1 2020 06 02 22 32 00 0
J1 2020 06 02 22 33 00 0
J1 2020 06 02 22 34 00 0
J1 2020 06 02 22 35 00 0
J1 2020 06 02 22 36 00 0
J1 2020 06 02 22 37 00 0
J1 2020 06 02 22 38 00 0
J1 2020 06 02 22 39 00 0
J1 2020 06 02 22 40 00 0
J1 2020 06 02 22 41 00 0
J1 2020 06 02 22 42 00 0
J1 2020 06 02 22 43 00 0
J1 2020 06 02 22 44 00 0
J1 2020 06 02 22 45 00 0
J1 2020 06 02 22 46 00 0
J1 2020 06 02 22 47 00 0
J1 2020 06 02 22 48 00 0
J1 2020 06 02 22 49 00 0
J1 2020 06 02 22 50 00 0
J1 2020 06 02 22 51 00 0
J1 2020 06 02 22 52 00 0
J1 2020 06 02 22 53 00 0
J1 2020 06 02 22 54 00 0
J1 2020 06 02 22 55 00 0
J1 2020 06 02 22 56 00 0
J1 2020 06 02 22 57 00 0
J1 2020 06 02 22 58 00 0
J1 2020 06 02 22 59 00 0
J1 2020 06 02 23 00 00 0
J1 2020 06 02 23 01 00 0
J1 2020 06 02 23 02 00 0
J1 2020 06 02 23 03 00 0
J1 2020 06 02 23 04 00 0
J1 2020 06 02 23 05 00 0
J1 2020 06 02 23 06 00 0
J1 2020 06 02 23 07 00 0
J1 2020 06 02 23 08 00 0
J1 2020 06 02 23 09 00 0
J1 2020 06 02 23 10 00 0
J1 2020 06 02 23 11 00 0
J1 2020 06 02 23 12 00 0
J1 2020 06 02 23 13 00 0
J1 2020 06 02 23 14 00 0
J1 2020 06 02 23 15 00 0
J1 2020 06 02 23 16 00 0
J1 2020 06 02 23 17 00 0
J1 2020 06 02 23 18 00 0
J1 2020 06 02 23 19 00 0
J1 2020 06 02 23 20 00 0
J1 2020 06 02 23 21 00 0
J1 2020 06 02 23 22 00 0
J1 2020 06 02 23 23 00 0
J1 2020 06 02 23 24 00 0
J1 2020 06 02 23 25 00 0
J1 2020 06 02 23 26 00 0
J1 2020 06 02 23 27 00 0
J1 2020 06 02 23 28 00 0
J1 2020 06 02 23 29 00 0
J1 2020 06 02 23 30 00 0
J1 2020 06 02 23 31 00 0
J1 2020 06 02 23 32 00 0
J1 2020 06 02 23 33 00 0
J1 2020 06 02 23 34 00 0
J1 2020 06 02 23 35 00 0
J1 2020 06 02 23 36 00 0
J1 2020 06 02 23 37 00 0
J1 2020 06 02 23 38 00 0
J1 2020 06 02 23 39 00 0
J1 2020 06 02 23 40 00 0
J1 2020 06 02 23 41 00 0
J1 2020 06 02 23 42 00 0
J1 2020 06 02 23 43 00 0
J1 2020 06 02 23 44 00 0
J1 2020 06 02 23 45 00 0
J1 2020 06 02 23 46 00 0
J1 2020 06 02 23 47 00 0
J1 2020 06 02 23 48 00 0
J1 2020 06 02 23 49 00 0
J1 2020 06 02 23 50 00 0
J1 2020 06 02 23 51 00 0
J1 2020 06 02 23 52 00 0
J1 2020 06 02 23 53 00 0
J1 2020 06 02 23 54 00 0
J1 2020 06 02 23 55 00 0
J1 2020 06 02 23 56 00 0
J1 2020 06 02 23 57 00 0
J1 2020 06 02 23 58 00 0
J1 2020 06 02 23 59 00 0
J1 2020 06 03 00 00 00 0
